#depth	accumulation rate in meters of ice equivalent (from Lucie)	Uncertainty %
0	0.08743	0.2
1	0.08743	0.2
2	0.08743	0.2
3	0.08743	0.2
4	0.08743	0.2
5	0.08743	0.2
6	0.08743	0.2
7	0.08743	0.2
8	0.08743	0.2
9	0.08743	0.2
10	0.08743	0.2
11	0.08743	0.2
12	0.08743	0.2
13	0.08743	0.2
14	0.08743	0.2
15	0.08743	0.2
16	0.08739	0.2
17	0.07904	0.2
18	0.07904	0.2
19	0.07904	0.2
20	0.07904	0.2
21	0.07904	0.2
22	0.07904	0.2
23	0.07904	0.2
24	0.07904	0.2
25	0.07904	0.2
26	0.07904	0.2
27	0.07904	0.2
28	0.07908	0.2
29	0.08069	0.2
30	0.08069	0.2
31	0.08069	0.2
32	0.08069	0.2
33	0.08069	0.2
34	0.08069	0.2
35	0.08069	0.2
36	0.08069	0.2
37	0.08069	0.2
38	0.08069	0.2
39	0.08063	0.2
40	0.07925	0.2
41	0.07925	0.2
42	0.07925	0.2
43	0.07925	0.2
44	0.07925	0.2
45	0.07925	0.2
46	0.07925	0.2
47	0.07925	0.2
48	0.07925	0.2
49	0.07905	0.2
50	0.07617	0.2
51	0.07617	0.2
52	0.07617	0.2
53	0.07617	0.2
54	0.07617	0.2
55	0.07617	0.2
56	0.07617	0.2
57	0.07617	0.2
58	0.0759	0.2
59	0.07273	0.2
60	0.07273	0.2
61	0.07273	0.2
62	0.07273	0.2
63	0.07273	0.2
64	0.07273	0.2
65	0.07273	0.2
66	0.07299	0.2
67	0.07677	0.2
68	0.07677	0.2
69	0.07677	0.2
70	0.07677	0.2
71	0.07677	0.2
72	0.07677	0.2
73	0.07677	0.2
74	0.07685	0.2
75	0.07871	0.2
76	0.07871	0.2
77	0.07871	0.2
78	0.07871	0.2
79	0.07871	0.2
80	0.07871	0.2
81	0.07871	0.2
82	0.07867	0.2
83	0.07737	0.2
84	0.07737	0.2
85	0.07737	0.2
86	0.07737	0.2
87	0.07737	0.2
88	0.07737	0.2
89	0.07737	0.2
90	0.07744	0.2
91	0.07832	0.2
92	0.07832	0.2
93	0.07832	0.2
94	0.07832	0.2
95	0.07832	0.2
96	0.07832	0.2
97	0.07832	0.2
98	0.07883	0.2
99	0.08298	0.2
100	0.08298	0.2
101	0.08298	0.2
102	0.08298	0.2
103	0.08298	0.2
104	0.08298	0.2
105	0.08297	0.2
106	0.07851	0.2
107	0.07851	0.2
108	0.07851	0.2
109	0.07851	0.2
110	0.07851	0.2
111	0.07851	0.2
112	0.07851	0.2
113	0.07842	0.2
114	0.07749	0.2
115	0.07749	0.2
116	0.07749	0.2
117	0.07749	0.2
118	0.07749	0.2
119	0.07749	0.2
120	0.07757	0.2
121	0.07862	0.2
122	0.07862	0.2
123	0.07862	0.2
124	0.07862	0.2
125	0.07862	0.2
126	0.07862	0.2
127	0.07873	0.2
128	0.08129	0.2
129	0.08129	0.2
130	0.08129	0.2
131	0.08129	0.2
132	0.08129	0.2
133	0.08129	0.2
134	0.08129	0.2
135	0.08066	0.2
136	0.07582	0.2
137	0.07582	0.2
138	0.07582	0.2
139	0.07582	0.2
140	0.07582	0.2
141	0.07584	0.2
142	0.08367	0.2
143	0.08367	0.2
144	0.08367	0.2
145	0.08367	0.2
146	0.08367	0.2
147	0.08367	0.2
148	0.08367	0.2
149	0.08324	0.2
150	0.07741	0.2
151	0.07741	0.2
152	0.07741	0.2
153	0.07741	0.2
154	0.07741	0.2
155	0.07741	0.2
156	0.07746	0.2
157	0.07811	0.2
158	0.07811	0.2
159	0.07811	0.2
160	0.07811	0.2
161	0.07811	0.2
162	0.07811	0.2
163	0.07843	0.2
164	0.08188	0.2
165	0.08188	0.2
166	0.08188	0.2
167	0.08188	0.2
168	0.08188	0.2
169	0.08188	0.2
170	0.08191	0.2
171	0.08254	0.2
172	0.08254	0.2
173	0.08254	0.2
174	0.08254	0.2
175	0.08254	0.2
176	0.08254	0.2
177	0.08256	0.2
178	0.0835	0.2
179	0.0835	0.2
180	0.0835	0.2
181	0.0835	0.2
182	0.0835	0.2
183	0.0835	0.2
184	0.0835	0.2
185	0.08261	0.2
186	0.07606	0.2
187	0.07606	0.2
188	0.07606	0.2
189	0.07606	0.2
190	0.07606	0.2
191	0.07629	0.2
192	0.08121	0.2
193	0.08121	0.2
194	0.08121	0.2
195	0.08121	0.2
196	0.08121	0.2
197	0.08121	0.2
198	0.08124	0.2
199	0.08187	0.2
200	0.08187	0.2
201	0.08187	0.2
202	0.08187	0.2
203	0.08187	0.2
204	0.08187	0.2
205	0.08203	0.2
206	0.08561	0.2
207	0.08561	0.2
208	0.08561	0.2
209	0.08561	0.2
210	0.08561	0.2
211	0.08561	0.2
212	0.0856	0.2
213	0.08208	0.2
214	0.08208	0.2
215	0.08208	0.2
216	0.08208	0.2
217	0.08208	0.2
218	0.08208	0.2
219	0.08213	0.2
220	0.08477	0.2
221	0.08477	0.2
222	0.08477	0.2
223	0.08477	0.2
224	0.08477	0.2
225	0.08477	0.2
226	0.08477	0.2
227	0.08424	0.2
228	0.08066	0.2
229	0.08066	0.2
230	0.08066	0.2
231	0.08066	0.2
232	0.08066	0.2
233	0.08063	0.2
234	0.08007	0.2
235	0.08007	0.2
236	0.08007	0.2
237	0.08007	0.2
238	0.08007	0.2
239	0.08007	0.2
240	0.07998	0.2
241	0.07911	0.2
242	0.07911	0.2
243	0.07911	0.2
244	0.07911	0.2
245	0.07911	0.2
246	0.07918	0.2
247	0.08229	0.2
248	0.08229	0.2
249	0.08229	0.2
250	0.08229	0.2
251	0.08229	0.2
252	0.08229	0.2
253	0.08205	0.2
254	0.0785	0.2
255	0.0785	0.2
256	0.0785	0.2
257	0.0785	0.2
258	0.0785	0.2
259	0.07852	0.2
260	0.08372	0.2
261	0.08372	0.2
262	0.08372	0.2
263	0.08372	0.2
264	0.08372	0.2
265	0.08372	0.2
266	0.08353	0.2
267	0.07939	0.2
268	0.07939	0.2
269	0.07939	0.2
270	0.07939	0.2
271	0.07939	0.2
272	0.07939	0.2
273	0.07949	0.2
274	0.08022	0.2
275	0.08022	0.2
276	0.08022	0.2
277	0.08022	0.2
278	0.08022	0.2
279	0.08041	0.2
280	0.08267	0.2
281	0.08267	0.2
282	0.08267	0.2
283	0.08267	0.2
284	0.08267	0.2
285	0.08267	0.2
286	0.08202	0.2
287	0.07793	0.2
288	0.07793	0.2
289	0.07793	0.2
290	0.07793	0.2
291	0.07793	0.2
292	0.07809	0.2
293	0.07928	0.2
294	0.07928	0.2
295	0.07928	0.2
296	0.07928	0.2
297	0.07928	0.2
298	0.07967	0.2
299	0.08348	0.2
300	0.08348	0.2
301	0.08348	0.2
302	0.08348	0.2
303	0.08348	0.2
304	0.08348	0.2
305	0.08352	0.2
306	0.08352	0.2
307	0.08352	0.2
308	0.08352	0.2
309	0.08352	0.2
310	0.08352	0.2
311	0.08327	0.2
312	0.08114	0.2
313	0.08114	0.2
314	0.08114	0.2
315	0.08114	0.2
316	0.08114	0.2
317	0.08072	0.2
318	0.07597	0.2
319	0.07597	0.2
320	0.07597	0.2
321	0.07597	0.2
322	0.07597	0.2
323	0.07678	0.2
324	0.08394	0.2
325	0.08394	0.2
326	0.08394	0.2
327	0.08394	0.2
328	0.08394	0.2
329	0.08355	0.2
330	0.07727	0.2
331	0.07727	0.2
332	0.07727	0.2
333	0.07727	0.2
334	0.07727	0.2
335	0.07755	0.2
336	0.08058	0.2
337	0.08058	0.2
338	0.08058	0.2
339	0.08058	0.2
340	0.08058	0.2
341	0.08078	0.2
342	0.0832	0.2
343	0.0832	0.2
344	0.0832	0.2
345	0.0832	0.2
346	0.0832	0.2
347	0.08292	0.2
348	0.07807	0.2
349	0.07807	0.2
350	0.07807	0.2
351	0.07807	0.2
352	0.07807	0.2
353	0.07806	0.2
354	0.07805	0.2
355	0.07805	0.2
356	0.07805	0.2
357	0.07805	0.2
358	0.07805	0.2
359	0.07812	0.2
360	0.07861	0.2
361	0.07861	0.2
362	0.07861	0.2
363	0.07861	0.2
364	0.07868	0.2
365	0.08431	0.2
366	0.08431	0.2
367	0.08431	0.2
368	0.08431	0.2
369	0.08431	0.2
370	0.08431	0.2
371	0.08298	0.2
372	0.07538	0.2
373	0.07538	0.2
374	0.07538	0.2
375	0.07538	0.2
376	0.07544	0.2
377	0.07593	0.2
378	0.07593	0.2
379	0.07593	0.2
380	0.07593	0.2
381	0.07583	0.2
382	0.06989	0.2
383	0.06989	0.2
384	0.06989	0.2
385	0.06989	0.2
386	0.07007	0.2
387	0.07878	0.2
388	0.07878	0.2
389	0.07878	0.2
390	0.07878	0.2
391	0.07878	0.2
392	0.07869	0.2
393	0.07778	0.2
394	0.07778	0.2
395	0.07778	0.2
396	0.07778	0.2
397	0.07771	0.2
398	0.07149	0.2
399	0.07149	0.2
400	0.07149	0.2
401	0.07149	0.2
402	0.07157	0.2
403	0.07981	0.2
404	0.07981	0.2
405	0.07981	0.2
406	0.07981	0.2
407	0.07981	0.2
408	0.07914	0.2
409	0.07287	0.2
410	0.07287	0.2
411	0.07287	0.2
412	0.07287	0.2
413	0.07305	0.2
414	0.07488	0.2
415	0.07488	0.2
416	0.07488	0.2
417	0.07488	0.2
418	0.07507	0.2
419	0.07789	0.2
420	0.07789	0.2
421	0.07789	0.2
422	0.07789	0.2
423	0.07789	0.2
424	0.0772	0.2
425	0.07368	0.2
426	0.07368	0.2
427	0.07368	0.2
428	0.07368	0.2
429	0.07404	0.2
430	0.07592	0.2
431	0.07592	0.2
432	0.07592	0.2
433	0.07592	0.2
434	0.07631	0.2
435	0.07868	0.2
436	0.07868	0.2
437	0.07868	0.2
438	0.07868	0.2
439	0.07831	0.2
440	0.07533	0.2
441	0.07533	0.2
442	0.07533	0.2
443	0.07533	0.2
444	0.07531	0.2
445	0.07521	0.2
446	0.07521	0.2
447	0.07521	0.2
448	0.07521	0.2
449	0.07559	0.2
450	0.07884	0.2
451	0.07884	0.2
452	0.07884	0.2
453	0.07884	0.2
454	0.07877	0.2
455	0.07796	0.2
456	0.07796	0.2
457	0.07796	0.2
458	0.07796	0.2
459	0.07748	0.2
460	0.07022	0.2
461	0.07022	0.2
462	0.07022	0.2
463	0.07022	0.2
464	0.07052	0.2
465	0.07242	0.2
466	0.07242	0.2
467	0.07242	0.2
468	0.07242	0.2
469	0.07204	0.2
470	0.07029	0.2
471	0.07029	0.2
472	0.07029	0.2
473	0.07046	0.2
474	0.07195	0.2
475	0.07195	0.2
476	0.07195	0.2
477	0.07195	0.2
478	0.0721	0.2
479	0.07289	0.2
480	0.07289	0.2
481	0.07289	0.2
482	0.07289	0.2
483	0.07288	0.2
484	0.07288	0.2
485	0.07288	0.2
486	0.07288	0.2
487	0.073	0.2
488	0.07374	0.2
489	0.07374	0.2
490	0.07374	0.2
491	0.07369	0.2
492	0.07204	0.2
493	0.07204	0.2
494	0.07204	0.2
495	0.07204	0.2
496	0.07196	0.2
497	0.07148	0.2
498	0.07148	0.2
499	0.07148	0.2
500	0.07127	0.2
501	0.0685	0.2
502	0.0685	0.2
503	0.0685	0.2
504	0.06855	0.2
505	0.06992	0.2
506	0.06992	0.2
507	0.06992	0.2
508	0.06992	0.2
509	0.06986	0.2
510	0.06957	0.2
511	0.06957	0.2
512	0.06957	0.2
513	0.0699	0.2
514	0.07167	0.2
515	0.07167	0.2
516	0.07167	0.2
517	0.07105	0.2
518	0.06653	0.2
519	0.06653	0.2
520	0.06653	0.2
521	0.06717	0.2
522	0.07144	0.2
523	0.07144	0.2
524	0.07144	0.2
525	0.07147	0.2
526	0.07179	0.2
527	0.07179	0.2
528	0.07179	0.2
529	0.07176	0.2
530	0.0714	0.2
531	0.0714	0.2
532	0.0714	0.2
533	0.07141	0.2
534	0.07161	0.2
535	0.07161	0.2
536	0.07161	0.2
537	0.07163	0.2
538	0.07319	0.2
539	0.07319	0.2
540	0.07319	0.2
541	0.07319	0.2
542	0.07306	0.2
543	0.07248	0.2
544	0.07248	0.2
545	0.07248	0.2
546	0.07246	0.2
547	0.07236	0.2
548	0.07236	0.2
549	0.07236	0.2
550	0.07275	0.2
551	0.0747	0.2
552	0.0747	0.2
553	0.0747	0.2
554	0.07477	0.2
555	0.07519	0.2
556	0.07519	0.2
557	0.07519	0.2
558	0.07503	0.2
559	0.07394	0.2
560	0.07394	0.2
561	0.07394	0.2
562	0.07432	0.2
563	0.07696	0.2
564	0.07696	0.2
565	0.07696	0.2
566	0.07708	0.2
567	0.0782	0.2
568	0.0782	0.2
569	0.0782	0.2
570	0.07824	0.2
571	0.07888	0.2
572	0.07888	0.2
573	0.07888	0.2
574	0.07885	0.2
575	0.07467	0.2
576	0.07467	0.2
577	0.07467	0.2
578	0.07471	0.2
579	0.07607	0.2
580	0.07607	0.2
581	0.07607	0.2
582	0.07607	0.2
583	0.07601	0.2
584	0.07601	0.2
585	0.07601	0.2
586	0.07604	0.2
587	0.07652	0.2
588	0.07652	0.2
589	0.07652	0.2
590	0.07624	0.2
591	0.07304	0.2
592	0.07304	0.2
593	0.07304	0.2
594	0.07359	0.2
595	0.07713	0.2
596	0.07713	0.2
597	0.07713	0.2
598	0.07708	0.2
599	0.07684	0.2
600	0.07684	0.2
601	0.07684	0.2
602	0.07627	0.2
603	0.07375	0.2
604	0.07375	0.2
605	0.07374	0.2
606	0.07355	0.2
607	0.07355	0.2
608	0.07355	0.2
609	0.07363	0.2
610	0.07422	0.2
611	0.07422	0.2
612	0.07422	0.2
613	0.07428	0.2
614	0.07453	0.2
615	0.07453	0.2
616	0.07453	0.2
617	0.0746	0.2
618	0.0746	0.2
619	0.0746	0.2
620	0.07441	0.2
621	0.07341	0.2
622	0.07341	0.2
623	0.07349	0.2
624	0.07672	0.2
625	0.07672	0.2
626	0.07672	0.2
627	0.07683	0.2
628	0.07767	0.2
629	0.07767	0.2
630	0.07767	0.2
631	0.07595	0.2
632	0.06891	0.2
633	0.06891	0.2
634	0.06985	0.2
635	0.07548	0.2
636	0.07548	0.2
637	0.07548	0.2
638	0.07541	0.2
639	0.07515	0.2
640	0.07515	0.2
641	0.07501	0.2
642	0.07416	0.2
643	0.07416	0.2
644	0.07426	0.2
645	0.07731	0.2
646	0.07731	0.2
647	0.07731	0.2
648	0.07659	0.2
649	0.07282	0.2
650	0.07282	0.2
651	0.07302	0.2
652	0.07503	0.2
653	0.07503	0.2
654	0.07503	0.2
655	0.07402	0.2
656	0.07052	0.2
657	0.07052	0.2
658	0.0716	0.2
659	0.07622	0.2
660	0.07622	0.2
661	0.07635	0.2
662	0.07742	0.2
663	0.07742	0.2
664	0.07742	0.2
665	0.07711	0.2
666	0.07602	0.2
667	0.07602	0.2
668	0.07622	0.2
669	0.0772	0.2
670	0.0772	0.2
671	0.07711	0.2
672	0.07623	0.2
673	0.07623	0.2
674	0.07623	0.2
675	0.07593	0.2
676	0.07493	0.2
677	0.07493	0.2
678	0.07533	0.2
679	0.07695	0.2
680	0.07695	0.2
681	0.07606	0.2
682	0.07131	0.2
683	0.07131	0.2
684	0.07074	0.2
685	0.06788	0.2
686	0.06788	0.2
687	0.06875	0.2
688	0.07246	0.2
689	0.07246	0.2
690	0.0716	0.2
691	0.06809	0.2
692	0.06809	0.2
693	0.06827	0.2
694	0.06886	0.2
695	0.06886	0.2
696	0.06767	0.2
697	0.06433	0.2
698	0.06374	0.2
699	0.06	0.2
700	0.06	0.2
701	0.06083	0.2
702	0.06326	0.2
703	0.06292	0.2
704	0.06048	0.2
705	0.06048	0.2
706	0.06021	0.2
707	0.05944	0.2
708	0.05935	0.2
709	0.0589	0.2
710	0.05889	0.2
711	0.05753	0.2
712	0.05753	0.2
713	0.05787	0.2
714	0.05885	0.2
715	0.05838	0.2
716	0.0562	0.2
717	0.05633	0.2
718	0.05791	0.2
719	0.05791	0.2
720	0.0583	0.2
721	0.05934	0.2
722	0.05917	0.2
723	0.05854	0.2
724	0.05852	0.2
725	0.05836	0.2
726	0.05836	0.2
727	0.05805	0.2
728	0.0573	0.2
729	0.05712	0.2
730	0.05659	0.2
731	0.05714	0.2
732	0.05927	0.2
733	0.05915	0.2
734	0.0581	0.2
735	0.0581	0.2
736	0.05772	0.2
737	0.05686	0.2
738	0.05748	0.2
739	0.05921	0.2
740	0.05888	0.2
741	0.0577	0.2
742	0.05759	0.2
743	0.05697	0.2
744	0.05712	0.2
745	0.05916	0.2
746	0.05916	0.2
747	0.05967	0.2
748	0.06096	0.2
749	0.0604	0.2
750	0.05863	0.2
751	0.05897	0.2
752	0.06045	0.2
753	0.06072	0.2
754	0.06447	0.2
755	0.06447	0.2
756	0.06539	0.2
757	0.0683	0.2
758	0.06795	0.2
759	0.06468	0.2
760	0.06468	0.2
761	0.06568	0.2
762	0.0686	0.2
763	0.06853	0.2
764	0.0681	0.2
765	0.0681	0.2
766	0.06779	0.2
767	0.06689	0.2
768	0.06622	0.2
769	0.06301	0.2
770	0.06286	0.2
771	0.05994	0.2
772	0.05994	0.2
773	0.06031	0.2
774	0.06117	0.2
775	0.06089	0.2
776	0.06015	0.2
777	0.05995	0.2
778	0.0593	0.2
779	0.06016	0.2
780	0.06379	0.2
781	0.06356	0.2
782	0.06037	0.2
783	0.06037	0.2
784	0.05899	0.2
785	0.05613	0.2
786	0.0562	0.2
787	0.05634	0.2
788	0.05677	0.2
789	0.05769	0.2
790	0.05752	0.2
791	0.05716	0.2
792	0.05696	0.2
793	0.05654	0.2
794	0.05705	0.2
795	0.0582	0.2
796	0.05753	0.2
797	0.05603	0.2
798	0.05549	0.2
799	0.05435	0.2
800	0.05384	0.2
801	0.05279	0.2
802	0.05185	0.2
803	0.05153	0.2
804	0.05011	0.2
805	0.05036	0.2
806	0.05102	0.2
807	0.05168	0.2
808	0.05314	0.2
809	0.05223	0.2
810	0.05013	0.2
811	0.04684	0.2
812	0.04668	0.2
813	0.04631	0.2
814	0.04647	0.2
815	0.04638	0.2
816	0.04513	0.2
817	0.04557	0.2
818	0.04605	0.2
819	0.04306	0.2
820	0.044	0.2
821	0.04576	0.2
822	0.0429	0.2
823	0.04287	0.2
824	0.04282	0.2
825	0.04286	0.2
826	0.0426	0.2
827	0.04173	0.2
828	0.04019	0.2
829	0.04053	0.2
830	0.04138	0.2
831	0.04208	0.2
832	0.04186	0.2
833	0.04068	0.2
834	0.04036	0.2
835	0.04362	0.2
836	0.04228	0.2
837	0.04005	0.2
838	0.03981	0.2
839	0.04121	0.2
840	0.04126	0.2
841	0.0414	0.2
842	0.04154	0.2
843	0.04179	0.2
844	0.04194	0.2
845	0.04154	0.2
846	0.04162	0.2
847	0.04191	0.2
848	0.04179	0.2
849	0.04037	0.2
850	0.04021	0.2
851	0.04014	0.2
852	0.04068	0.2
853	0.04147	0.2
854	0.04136	0.2
855	0.04139	0.2
856	0.0418	0.2
857	0.04213	0.2
858	0.04189	0.2
859	0.04066	0.2
860	0.03929	0.2
861	0.03999	0.2
862	0.04003	0.2
863	0.03998	0.2
864	0.04004	0.2
865	0.04062	0.2
866	0.04013	0.2
867	0.0392	0.2
868	0.03892	0.2
869	0.0391	0.2
870	0.03888	0.2
871	0.03952	0.2
872	0.04005	0.2
873	0.03988	0.2
874	0.04061	0.2
875	0.04129	0.2
876	0.04222	0.2
877	0.04206	0.2
878	0.04164	0.2
879	0.04131	0.2
880	0.041	0.2
881	0.04139	0.2
882	0.04175	0.2
883	0.04123	0.2
884	0.04079	0.2
885	0.04103	0.2
886	0.04096	0.2
887	0.04141	0.2
888	0.04187	0.2
889	0.04235	0.2
890	0.0418	0.2
891	0.04091	0.2
892	0.04087	0.2
893	0.03986	0.2
894	0.03898	0.2
895	0.04019	0.2
896	0.04176	0.2
897	0.04126	0.2
898	0.04044	0.2
899	0.04	0.2
900	0.03975	0.2
901	0.04043	0.2
902	0.04127	0.2
903	0.04227	0.2
904	0.04168	0.2
905	0.04085	0.2
906	0.04082	0.2
907	0.04021	0.2
908	0.03933	0.2
909	0.03885	0.2
910	0.03891	0.2
911	0.04028	0.2
912	0.04079	0.2
913	0.04067	0.2
914	0.03958	0.2
915	0.03916	0.2
916	0.03908	0.2
917	0.04032	0.2
918	0.03993	0.2
919	0.03897	0.2
920	0.03855	0.2
921	0.03882	0.2
922	0.03846	0.2
923	0.03787	0.2
924	0.03802	0.2
925	0.0394	0.2
926	0.04113	0.2
927	0.04286	0.2
928	0.04137	0.2
929	0.04078	0.2
930	0.04216	0.2
931	0.04253	0.2
932	0.04235	0.2
933	0.04056	0.2
934	0.03916	0.2
935	0.03886	0.2
936	0.03925	0.2
937	0.04091	0.2
938	0.0415	0.2
939	0.04252	0.2
940	0.04284	0.2
941	0.0427	0.2
942	0.04258	0.2
943	0.04197	0.2
944	0.04161	0.2
945	0.04141	0.2
946	0.04382	0.2
947	0.04628	0.2
948	0.04377	0.2
949	0.04287	0.2
950	0.0418	0.2
951	0.04221	0.2
952	0.04213	0.2
953	0.04038	0.2
954	0.03882	0.2
955	0.03876	0.2
956	0.03934	0.2
957	0.03863	0.2
958	0.03908	0.2
959	0.04006	0.2
960	0.03904	0.2
961	0.03887	0.2
962	0.03896	0.2
963	0.03776	0.2
964	0.03783	0.2
965	0.03982	0.2
966	0.04073	0.2
967	0.03966	0.2
968	0.03906	0.2
969	0.03921	0.2
970	0.03909	0.2
971	0.03909	0.2
972	0.03987	0.2
973	0.04041	0.2
974	0.04145	0.2
975	0.04259	0.2
976	0.04169	0.2
977	0.04088	0.2
978	0.04133	0.2
979	0.04178	0.2
980	0.04167	0.2
981	0.04129	0.2
982	0.04101	0.2
983	0.04049	0.2
984	0.03852	0.2
985	0.03704	0.2
986	0.03952	0.2
987	0.04199	0.2
988	0.04333	0.2
989	0.04489	0.2
990	0.04372	0.2
991	0.04311	0.2
992	0.04349	0.2
993	0.04228	0.2
994	0.04193	0.2
995	0.04271	0.2
996	0.04222	0.2
997	0.04145	0.2
998	0.04162	0.2
999	0.04159	0.2
1000	0.04072	0.2
1001	0.0408	0.2
1002	0.04173	0.2
1003	0.04175	0.2
1004	0.04211	0.2
1005	0.04271	0.2
1006	0.04331	0.2
1007	0.0442	0.2
1008	0.04443	0.2
1009	0.04449	0.2
1010	0.04511	0.2
1011	0.04517	0.2
1012	0.04468	0.2
1013	0.04551	0.2
1014	0.04586	0.2
1015	0.04488	0.2
1016	0.04465	0.2
1017	0.04503	0.2
1018	0.04405	0.2
1019	0.04314	0.2
1020	0.0424	0.2
1021	0.04136	0.2
1022	0.04081	0.2
1023	0.0404	0.2
1024	0.04122	0.2
1025	0.0427	0.2
1026	0.04357	0.2
1027	0.04384	0.2
1028	0.04398	0.2
1029	0.04371	0.2
1030	0.04321	0.2
1031	0.04371	0.2
1032	0.04471	0.2
1033	0.04426	0.2
1034	0.04288	0.2
1035	0.04283	0.2
1036	0.0436	0.2
1037	0.04467	0.2
1038	0.04557	0.2
1039	0.04624	0.2
1040	0.04711	0.2
1041	0.04755	0.2
1042	0.04793	0.2
1043	0.04924	0.2
1044	0.05122	0.2
1045	0.05242	0.2
1046	0.05257	0.2
1047	0.05187	0.2
1048	0.04927	0.2
1049	0.04779	0.2
1050	0.04885	0.2
1051	0.04895	0.2
1052	0.04808	0.2
1053	0.04872	0.2
1054	0.05006	0.2
1055	0.04984	0.2
1056	0.04794	0.2
1057	0.0469	0.2
1058	0.04774	0.2
1059	0.04805	0.2
1060	0.04755	0.2
1061	0.047	0.2
1062	0.04586	0.2
1063	0.04522	0.2
1064	0.04474	0.2
1065	0.04379	0.2
1066	0.04343	0.2
1067	0.04327	0.2
1068	0.04059	0.2
1069	0.03978	0.2
1070	0.03971	0.2
1071	0.0418	0.2
1072	0.04338	0.2
1073	0.04329	0.2
1074	0.04288	0.2
1075	0.04249	0.2
1076	0.04265	0.2
1077	0.04312	0.2
1078	0.04297	0.2
1079	0.04107	0.2
1080	0.04123	0.2
1081	0.0404	0.2
1082	0.04011	0.2
1083	0.04133	0.2
1084	0.0413	0.2
1085	0.04184	0.2
1086	0.04229	0.2
1087	0.0438	0.2
1088	0.04491	0.2
1089	0.04548	0.2
1090	0.0445	0.2
1091	0.04333	0.2
1092	0.04282	0.2
1093	0.04191	0.2
1094	0.04245	0.2
1095	0.04293	0.2
1096	0.04262	0.2
1097	0.04065	0.2
1098	0.04091	0.2
1099	0.04108	0.2
1100	0.0417	0.2
1101	0.04262	0.2
1102	0.04464	0.2
1103	0.04552	0.2
1104	0.04377	0.2
1105	0.0439	0.2
1106	0.0443	0.2
1107	0.04506	0.2
1108	0.0472	0.2
1109	0.04586	0.2
1110	0.04525	0.2
1111	0.04687	0.2
1112	0.04794	0.2
1113	0.04712	0.2
1114	0.04722	0.2
1115	0.04622	0.2
1116	0.04553	0.2
1117	0.04553	0.2
1118	0.04603	0.2
1119	0.04616	0.2
1120	0.04588	0.2
1121	0.04473	0.2
1122	0.04484	0.2
1123	0.04471	0.2
1124	0.0428	0.2
1125	0.04322	0.2
1126	0.0436	0.2
1127	0.04363	0.2
1128	0.04279	0.2
1129	0.0428	0.2
1130	0.04327	0.2
1131	0.04303	0.2
1132	0.04691	0.2
1133	0.0467	0.2
1134	0.04613	0.2
1135	0.04595	0.2
1136	0.04655	0.2
1137	0.0463	0.2
1138	0.0467	0.2
1139	0.04942	0.2
1140	0.0494	0.2
1141	0.04962	0.2
1142	0.04953	0.2
1143	0.04838	0.2
1144	0.04901	0.2
1145	0.04947	0.2
1146	0.04983	0.2
1147	0.05029	0.2
1148	0.05189	0.2
1149	0.05287	0.2
1150	0.05406	0.2
1151	0.05502	0.2
1152	0.0558	0.2
1153	0.05566	0.2
1154	0.05544	0.2
1155	0.05543	0.2
1156	0.05466	0.2
1157	0.05495	0.2
1158	0.05539	0.2
1159	0.05523	0.2
1160	0.05468	0.2
1161	0.05272	0.2
1162	0.05257	0.2
1163	0.05212	0.2
1164	0.05186	0.2
1165	0.05149	0.2
1166	0.05024	0.2
1167	0.05033	0.2
1168	0.05279	0.2
1169	0.05177	0.2
1170	0.05103	0.2
1171	0.05098	0.2
1172	0.05038	0.2
1173	0.04766	0.2
1174	0.04759	0.2
1175	0.048	0.2
1176	0.04795	0.2
1177	0.04728	0.2
1178	0.04739	0.2
1179	0.0477	0.2
1180	0.04791	0.2
1181	0.04973	0.2
1182	0.04977	0.2
1183	0.0488	0.2
1184	0.04918	0.2
1185	0.04961	0.2
1186	0.05081	0.2
1187	0.05099	0.2
1188	0.05061	0.2
1189	0.04955	0.2
1190	0.04735	0.2
1191	0.04804	0.2
1192	0.04845	0.2
1193	0.04996	0.2
1194	0.04974	0.2
1195	0.04866	0.2
1196	0.04868	0.2
1197	0.04929	0.2
1198	0.04896	0.2
1199	0.04857	0.2
1200	0.05003	0.2
1201	0.04945	0.2
1202	0.04813	0.2
1203	0.04856	0.2
1204	0.04966	0.2
1205	0.05127	0.2
1206	0.0513	0.2
1207	0.05095	0.2
1208	0.0511	0.2
1209	0.05125	0.2
1210	0.05105	0.2
1211	0.05062	0.2
1212	0.04973	0.2
1213	0.05016	0.2
1214	0.05089	0.2
1215	0.05028	0.2
1216	0.05061	0.2
1217	0.05142	0.2
1218	0.05446	0.2
1219	0.05451	0.2
1220	0.05478	0.2
1221	0.05463	0.2
1222	0.05381	0.2
1223	0.05351	0.2
1224	0.05295	0.2
1225	0.05163	0.2
1226	0.0512	0.2
1227	0.05094	0.2
1228	0.05209	0.2
1229	0.05156	0.2
1230	0.04948	0.2
1231	0.04807	0.2
1232	0.04955	0.2
1233	0.05192	0.2
1234	0.05109	0.2
1235	0.049	0.2
1236	0.04716	0.2
1237	0.0457	0.2
1238	0.04425	0.2
1239	0.04403	0.2
1240	0.046	0.2
1241	0.04835	0.2
1242	0.04901	0.2
1243	0.04888	0.2
1244	0.04909	0.2
1245	0.05025	0.2
1246	0.05139	0.2
1247	0.05122	0.2
1248	0.05183	0.2
1249	0.05292	0.2
1250	0.05303	0.2
1251	0.05121	0.2
1252	0.05237	0.2
1253	0.05495	0.2
1254	0.05721	0.2
1255	0.0564	0.2
1256	0.05573	0.2
1257	0.05625	0.2
1258	0.05601	0.2
1259	0.0553	0.2
1260	0.05472	0.2
1261	0.05475	0.2
1262	0.05492	0.2
1263	0.05418	0.2
1264	0.05408	0.2
1265	0.05337	0.2
1266	0.05214	0.2
1267	0.05133	0.2
1268	0.05107	0.2
1269	0.05144	0.2
1270	0.05225	0.2
1271	0.05228	0.2
1272	0.05168	0.2
1273	0.05122	0.2
1274	0.04782	0.2
1275	0.04734	0.2
1276	0.0472	0.2
1277	0.04572	0.2
1278	0.04517	0.2
1279	0.04464	0.2
1280	0.04418	0.2
1281	0.04859	0.2
1282	0.04984	0.2
1283	0.05012	0.2
1284	0.04665	0.2
1285	0.04671	0.2
1286	0.04766	0.2
1287	0.04798	0.2
1288	0.04713	0.2
1289	0.04548	0.2
1290	0.04655	0.2
1291	0.04662	0.2
1292	0.04635	0.2
1293	0.04603	0.2
1294	0.04542	0.2
1295	0.04505	0.2
1296	0.04677	0.2
1297	0.04672	0.2
1298	0.04634	0.2
1299	0.04707	0.2
1300	0.04894	0.2
1301	0.05311	0.2
1302	0.05496	0.2
1303	0.05583	0.2
1304	0.05473	0.2
1305	0.05423	0.2
1306	0.05243	0.2
1307	0.04941	0.2
1308	0.05142	0.2
1309	0.05268	0.2
1310	0.05866	0.2
1311	0.06037	0.2
1312	0.06049	0.2
1313	0.05893	0.2
1314	0.05369	0.2
1315	0.05276	0.2
1316	0.05253	0.2
1317	0.05527	0.2
1318	0.0552	0.2
1319	0.05443	0.2
1320	0.05475	0.2
1321	0.05604	0.2
1322	0.05664	0.2
1323	0.05805	0.2
1324	0.05911	0.2
1325	0.06154	0.2
1326	0.06174	0.2
1327	0.06293	0.2
1328	0.06288	0.2
1329	0.06335	0.2
1330	0.06706	0.2
1331	0.06755	0.2
1332	0.06738	0.2
1333	0.06381	0.2
1334	0.06366	0.2
1335	0.06316	0.2
1336	0.06147	0.2
1337	0.05966	0.2
1338	0.05584	0.2
1339	0.05204	0.2
1340	0.05021	0.2
1341	0.05084	0.2
1342	0.05342	0.2
1343	0.05654	0.2
1344	0.05844	0.2
1345	0.05917	0.2
1346	0.05974	0.2
1347	0.06045	0.2
1348	0.06076	0.2
1349	0.06198	0.2
1350	0.06394	0.2
1351	0.06383	0.2
1352	0.06355	0.2
1353	0.06339	0.2
1354	0.06231	0.2
1355	0.0622	0.2
1356	0.06169	0.2
1357	0.06181	0.2
1358	0.06179	0.2
1359	0.06091	0.2
1360	0.06101	0.2
1361	0.06068	0.2
1362	0.05947	0.2
1363	0.05913	0.2
1364	0.06046	0.2
1365	0.0623	0.2
1366	0.06307	0.2
1367	0.05643	0.2
1368	0.05477	0.2
1369	0.05362	0.2
1370	0.05353	0.2
1371	0.05807	0.2
1372	0.06	0.2
1373	0.06117	0.2
1374	0.07015	0.2
1375	0.06755	0.2
1376	0.06254	0.2
1377	0.05789	0.2
1378	0.05813	0.2
1379	0.05804	0.2
1380	0.05814	0.2
1381	0.05894	0.2
1382	0.06062	0.2
1383	0.0614	0.2
1384	0.06374	0.2
1385	0.06468	0.2
1386	0.07501	0.2
1387	0.07896	0.2
1388	0.08446	0.2
1389	0.08375	0.2
1390	0.08232	0.2
1391	0.08155	0.2
1392	0.0802	0.2
1393	0.07901	0.2
1394	0.07745	0.2
1395	0.07709	0.2
1396	0.07696	0.2
1397	0.07721	0.2
1398	0.07656	0.2
1399	0.07556	0.2
1400	0.07493	0.2
1401	0.07435	0.2
1402	0.07429	0.2
1403	0.07495	0.2
1404	0.08273	0.2
1405	0.08586	0.2
1406	0.08802	0.2
1407	0.09199	0.2
1408	0.09823	0.2
1409	0.09852	0.2
1410	0.09688	0.2
1411	0.0947	0.2
1412	0.09424	0.2
1413	0.08861	0.2
1414	0.08078	0.2
1415	0.07817	0.2
1416	0.07504	0.2
1417	0.06954	0.2
1418	0.06496	0.2
1419	0.05873	0.2
1420	0.05595	0.2
1421	0.05303	0.2
1422	0.04924	0.2
1423	0.0428	0.2
1424	0.04274	0.2
1425	0.04132	0.2
1426	0.04142	0.2
1427	0.04171	0.2
1428	0.04272	0.2
1429	0.04301	0.2
1430	0.04441	0.2
1431	0.04488	0.2
1432	0.04294	0.2
1433	0.04374	0.2
1434	0.04679	0.2
1435	0.04818	0.2
1436	0.04613	0.2
1437	0.0464	0.2
1438	0.0467	0.2
1439	0.04682	0.2
1440	0.04628	0.2
1441	0.04572	0.2
1442	0.04403	0.2
1443	0.04212	0.2
1444	0.04492	0.2
1445	0.05086	0.2
1446	0.05322	0.2
1447	0.048	0.2
1448	0.04529	0.2
1449	0.04509	0.2
1450	0.04544	0.2
1451	0.04547	0.2
1452	0.04482	0.2
1453	0.04504	0.2
1454	0.04558	0.2
1455	0.04532	0.2
1456	0.04475	0.2
1457	0.04515	0.2
1458	0.04582	0.2
1459	0.04593	0.2
1460	0.04588	0.2
1461	0.04778	0.2
1462	0.05156	0.2
1463	0.05276	0.2
1464	0.04754	0.2
1465	0.04588	0.2
1466	0.04497	0.2
1467	0.04433	0.2
1468	0.04437	0.2
1469	0.04579	0.2
1470	0.04772	0.2
1471	0.05044	0.2
1472	0.0473	0.2
1473	0.04402	0.2
1474	0.04337	0.2
1475	0.04336	0.2
1476	0.04486	0.2
1477	0.04561	0.2
1478	0.04617	0.2
1479	0.04367	0.2
1480	0.04245	0.2
1481	0.04261	0.2
1482	0.04389	0.2
1483	0.04693	0.2
1484	0.05238	0.2
1485	0.05357	0.2
1486	0.04676	0.2
1487	0.04539	0.2
1488	0.04456	0.2
1489	0.04493	0.2
1490	0.0465	0.2
1491	0.05197	0.2
1492	0.05549	0.2
1493	0.05755	0.2
1494	0.05507	0.2
1495	0.05275	0.2
1496	0.05319	0.2
1497	0.05334	0.2
1498	0.05364	0.2
1499	0.05606	0.2
1500	0.06093	0.2
1501	0.06429	0.2
1502	0.06969	0.2
1503	0.07194	0.2
1504	0.07649	0.2
1505	0.07392	0.2
1506	0.07096	0.2
1507	0.07138	0.2
1508	0.07308	0.2
1509	0.07341	0.2
1510	0.06163	0.2
1511	0.05615	0.2
1512	0.05054	0.2
1513	0.05092	0.2
1514	0.05174	0.2
1515	0.05434	0.2
1516	0.05943	0.2
1517	0.06464	0.2
1518	0.06497	0.2
1519	0.06613	0.2
1520	0.06926	0.2
1521	0.0798	0.2
1522	0.07822	0.2
1523	0.07229	0.2
1524	0.06581	0.2
1525	0.05425	0.2
1526	0.05007	0.2
1527	0.04841	0.2
1528	0.04947	0.2
1529	0.05021	0.2
1530	0.04808	0.2
1531	0.04946	0.2
1532	0.05265	0.2
1533	0.05653	0.2
1534	0.05685	0.2
1535	0.05505	0.2
1536	0.05013	0.2
1537	0.05053	0.2
1538	0.05603	0.2
1539	0.06	0.2
1540	0.06414	0.2
1541	0.06713	0.2
1542	0.07774	0.2
1543	0.08078	0.2
1544	0.08241	0.2
1545	0.08826	0.2
1546	0.08069	0.2
1547	0.05793	0.2
1548	0.05192	0.2
1549	0.04614	0.2
1550	0.0513	0.2
1551	0.0521	0.2
1552	0.05224	0.2
1553	0.05109	0.2
1554	0.05024	0.2
1555	0.04956	0.2
1556	0.04776	0.2
1557	0.0472	0.2
1558	0.06102	0.2
1559	0.05908	0.2
1560	0.05651	0.2
1561	0.05338	0.2
1562	0.05405	0.2
1563	0.05535	0.2
1564	0.05847	0.2
1565	0.06404	0.2
1566	0.06655	0.2
1567	0.06671	0.2
1568	0.06639	0.2
1569	0.06404	0.2
1570	0.0595	0.2
1571	0.05778	0.2
1572	0.05779	0.2
1573	0.07143	0.2
1574	0.0716	0.2
1575	0.07018	0.2
1576	0.0684	0.2
1577	0.06149	0.2
1578	0.06153	0.2
1579	0.0624	0.2
1580	0.06501	0.2
1581	0.06609	0.2
1582	0.06772	0.2
1583	0.06759	0.2
1584	0.067	0.2
1585	0.06454	0.2
1586	0.06439	0.2
1587	0.0664	0.2
1588	0.06683	0.2
1589	0.06601	0.2
1590	0.06633	0.2
1591	0.06394	0.2
1592	0.06338	0.2
1593	0.06395	0.2
1594	0.06462	0.2
1595	0.06399	0.2
1596	0.06348	0.2
1597	0.06529	0.2
