#depth	LID from barometric equation (Ilaria)	uncertainty
0	0	0.2
1	0	0.2
2	0	0.2
3	0	0.2
4	63.2074474682825	0.2
5	63.1664242252747	0.2
6	63.1842380904233	0.2
7	63.1612908313052	0.2
8	63.1527173472625	0.2
9	63.1476006058571	0.2
10	63.1254692287541	0.2
11	63.1091210735655	0.2
12	63.1053280332898	0.2
13	63.1033334260235	0.2
14	63.0676776656642	0.2
15	63.0406131641421	0.2
16	63.041583591993	0.2
17	63.0344033398259	0.2
18	63.02444855895	0.2
19	63.0287812674894	0.2
20	63.0332501397925	0.2
21	62.9833494886583	0.2
22	62.9899292695342	0.2
23	62.9406098544972	0.2
24	62.8988362225648	0.2
25	62.8893699633925	0.2
26	62.8628892984138	0.2
27	62.8639557211663	0.2
28	62.9091313397086	0.2
29	62.8780836960893	0.2
30	62.8836205418173	0.2
31	62.8632867399866	0.2
32	62.8844671675489	0.2
33	62.8697000638072	0.2
34	62.8653009179865	0.2
35	62.8751770389375	0.2
36	62.8733888106555	0.2
37	62.8830090355741	0.2
38	62.8621200269991	0.2
39	62.8560789443253	0.2
40	62.8786590952802	0.2
41	62.8736876893346	0.2
42	62.8382373840517	0.2
43	62.8216306932769	0.2
44	62.8159074163652	0.2
45	62.8158449558262	0.2
46	62.8351219495066	0.2
47	62.8145346353931	0.2
48	62.8009322447423	0.2
49	62.7994804954806	0.2
50	62.7431092507076	0.2
51	62.7678563918764	0.2
52	62.7630965555642	0.2
53	62.7511636595254	0.2
54	62.7569670521182	0.2
55	62.7282704524707	0.2
56	62.7220367283718	0.2
57	62.707353966531	0.2
58	62.7376967494816	0.2
59	62.7258414070065	0.2
60	62.7280981034729	0.2
61	62.7300917648842	0.2
62	62.6997343470744	0.2
63	62.7201055659429	0.2
64	62.7336421249113	0.2
65	62.732308499528	0.2
66	62.7258257984194	0.2
67	62.7393641321887	0.2
68	62.7292358015633	0.2
69	62.7389898572605	0.2
70	62.7192279672224	0.2
71	62.7209748224774	0.2
72	62.7346823903173	0.2
73	62.7361195108624	0.2
74	62.7383715366285	0.2
75	62.7854137551287	0.2
76	62.7581438182347	0.2
77	62.7524482015029	0.2
78	62.7370057082432	0.2
79	62.7596395769259	0.2
80	62.7970253985608	0.2
81	62.7925964145631	0.2
82	62.7864208709604	0.2
83	62.7467110588693	0.2
84	62.7516508049732	0.2
85	62.7356930960512	0.2
86	62.7601116160688	0.2
87	62.775872235543	0.2
88	62.7732502830417	0.2
89	62.7594993535404	0.2
90	62.7654965774509	0.2
91	62.7655164451153	0.2
92	62.792389036364	0.2
93	62.7940027960474	0.2
94	62.7780060503542	0.2
95	62.7777210613952	0.2
96	62.7723037573802	0.2
97	62.7620870645703	0.2
98	62.7721093878219	0.2
99	62.7837804675909	0.2
100	62.775748378726	0.2
101	62.7649499857602	0.2
102	62.7725396126762	0.2
103	62.7830666632229	0.2
104	62.7651269957429	0.2
105	62.7384167422617	0.2
106	62.7255564275051	0.2
107	62.7219745194597	0.2
108	62.74007763265	0.2
109	62.729766460159	0.2
110	62.7125707556293	0.2
111	62.6849534465036	0.2
112	62.6967491823071	0.2
113	62.671011983962	0.2
114	62.6987088790411	0.2
115	62.695861015646	0.2
116	62.6926755138278	0.2
117	62.6611625738872	0.2
118	62.6726053935216	0.2
119	62.6784483915917	0.2
120	62.6757519461114	0.2
121	62.6918744169523	0.2
122	62.7188431241359	0.2
123	62.6947421172444	0.2
124	62.6652227622305	0.2
125	62.6439962358376	0.2
126	62.6489022815589	0.2
127	62.626377881432	0.2
128	62.6255363163126	0.2
129	62.6300162834093	0.2
130	62.6317104638551	0.2
131	62.6549436034056	0.2
132	62.6493864603482	0.2
133	62.688670264659	0.2
134	62.698043134304	0.2
135	62.7314799891925	0.2
136	62.7290860704459	0.2
137	62.7063086007071	0.2
138	62.6859994973459	0.2
139	62.6686230938988	0.2
140	62.6490703161595	0.2
141	62.6555460097254	0.2
142	62.6563901295496	0.2
143	62.6637924197746	0.2
144	62.6596319407451	0.2
145	62.6391646224106	0.2
146	62.6351178514852	0.2
147	62.6316993390729	0.2
148	62.6631209274299	0.2
149	62.6363641906704	0.2
150	62.6468532267242	0.2
151	62.6512965058307	0.2
152	62.6666425842445	0.2
153	62.6463203612802	0.2
154	62.6434093999893	0.2
155	62.6825361667802	0.2
156	62.6805577486689	0.2
157	62.7032402124675	0.2
158	62.6496907128307	0.2
159	62.6328898674143	0.2
160	62.609432221545	0.2
161	62.593416965917	0.2
162	62.6052548537668	0.2
163	62.6532034192545	0.2
164	62.6916084632204	0.2
165	62.6998342156986	0.2
166	62.701092199489	0.2
167	62.6961764468887	0.2
168	62.6742137517428	0.2
169	62.6900851000186	0.2
170	62.7287618715861	0.2
171	62.7182371247295	0.2
172	62.7194362221601	0.2
173	62.6900009653154	0.2
174	62.7142347838718	0.2
175	62.724713413462	0.2
176	62.7223759929725	0.2
177	62.7054021786289	0.2
178	62.7196461674058	0.2
179	62.7119834668549	0.2
180	62.6926783067478	0.2
181	62.6817102125801	0.2
182	62.66369220538	0.2
183	62.6617558994367	0.2
184	62.6737380664561	0.2
185	62.6746429983171	0.2
186	62.6809447627454	0.2
187	62.6506308792895	0.2
188	62.6272708949093	0.2
189	62.5963065911614	0.2
190	62.5817238471791	0.2
191	62.5622725852571	0.2
192	62.5844389591158	0.2
193	62.5912074265856	0.2
194	62.5666916642018	0.2
195	62.5556863914783	0.2
196	62.5744438842473	0.2
197	62.5372351980209	0.2
198	62.5408811609608	0.2
199	62.5540683456748	0.2
200	62.5743387348362	0.2
201	62.5756348273704	0.2
202	62.5909480083371	0.2
203	62.5566987476664	0.2
204	62.5817184013103	0.2
205	62.5928884697273	0.2
206	62.5837707689644	0.2
207	62.5686396322889	0.2
208	62.5753257654737	0.2
209	62.5705227733268	0.2
210	62.5663590692465	0.2
211	62.5710760521221	0.2
212	62.597889913506	0.2
213	62.6134241468756	0.2
214	62.6248741876706	0.2
215	62.6272987511211	0.2
216	62.6646029197848	0.2
217	62.6175611655827	0.2
218	62.596195414458	0.2
219	62.5910090751474	0.2
220	62.5779906066911	0.2
221	62.5496982074446	0.2
222	62.5376612799217	0.2
223	62.5376956048475	0.2
224	62.5230413860329	0.2
225	62.4931710373122	0.2
226	62.482534460817	0.2
227	62.4811464802991	0.2
228	62.5251295860687	0.2
229	62.5045471371285	0.2
230	62.4794974279883	0.2
231	62.4707400867673	0.2
232	62.4502201475814	0.2
233	62.4256584717116	0.2
234	62.4237834705961	0.2
235	62.4448039976631	0.2
236	62.4214129384876	0.2
237	62.4080037117299	0.2
238	62.3944103181383	0.2
239	62.3769737579434	0.2
240	62.3845321801363	0.2
241	62.35221670276	0.2
242	62.3642796927225	0.2
243	62.3814463139837	0.2
244	62.3875542364871	0.2
245	62.3625813589418	0.2
246	62.3741109162257	0.2
247	62.3870606053994	0.2
248	62.3716669839525	0.2
249	62.366727858921	0.2
250	62.3825928376013	0.2
251	62.3918985199386	0.2
252	62.3900511379593	0.2
253	62.3776287013087	0.2
254	62.3777975659745	0.2
255	62.362314251391	0.2
256	62.3848719207691	0.2
257	62.373736090906	0.2
258	62.3720030743119	0.2
259	62.3678158893457	0.2
260	62.3599050323539	0.2
261	62.3733273243721	0.2
262	62.3638239613256	0.2
263	62.3606702134858	0.2
264	62.3457023372981	0.2
265	62.3359395142292	0.2
266	62.3296124618889	0.2
267	62.327213397189	0.2
268	62.338741165346	0.2
269	62.3245117257492	0.2
270	62.346301189603	0.2
271	62.3439268216891	0.2
272	62.3446657791326	0.2
273	62.3586257624658	0.2
274	62.366107752242	0.2
275	62.3470331924012	0.2
276	62.331406787897	0.2
277	62.3126983357572	0.2
278	62.2899867699313	0.2
279	62.2714680115412	0.2
280	62.2748197700518	0.2
281	62.2780654021218	0.2
282	62.3035860461846	0.2
283	62.3062718124581	0.2
284	62.2891275548377	0.2
285	62.2678914559007	0.2
286	62.2559980002964	0.2
287	62.2602128792978	0.2
288	62.2727006082977	0.2
289	62.2846207507421	0.2
290	62.2722306521285	0.2
291	62.2629587007744	0.2
292	62.2786366437828	0.2
293	62.2562231068771	0.2
294	62.2880761439757	0.2
295	62.2874693873446	0.2
296	62.2908972768348	0.2
297	62.2923282752707	0.2
298	62.2865972575789	0.2
299	62.2445036180924	0.2
300	62.2475401222596	0.2
301	62.2457841825036	0.2
302	62.2635409226443	0.2
303	62.2891600392112	0.2
304	62.2975762455771	0.2
305	62.2912888866786	0.2
306	62.2429401520957	0.2
307	62.2264478074447	0.2
308	62.2396444362279	0.2
309	62.2554513741659	0.2
310	62.2527376400725	0.2
311	62.2487881740327	0.2
312	62.2352108210453	0.2
313	62.2255741536859	0.2
314	62.219073513149	0.2
315	62.2356082482025	0.2
316	62.2586265647237	0.2
317	62.2471093737995	0.2
318	62.2408459922079	0.2
319	62.2044442238201	0.2
320	62.1818267411308	0.2
321	62.1529570007906	0.2
322	62.15679537351	0.2
323	62.1398301839311	0.2
324	62.1682130523075	0.2
325	62.152878707834	0.2
326	62.1533691513995	0.2
327	62.1511529990916	0.2
328	62.1328092531658	0.2
329	62.1139170393124	0.2
330	62.1278507958913	0.2
331	62.1481459569656	0.2
332	62.182813644322	0.2
333	62.1624280466596	0.2
334	62.1548649931315	0.2
335	62.1595025568391	0.2
336	62.1584910441377	0.2
337	62.1646233611074	0.2
338	62.1620411332615	0.2
339	62.1471517638613	0.2
340	62.1226667450225	0.2
341	62.0823000712585	0.2
342	62.0507764119742	0.2
343	62.0298954388482	0.2
344	62.0389193100392	0.2
345	62.0549511906426	0.2
346	62.0807730358144	0.2
347	62.0725772508093	0.2
348	62.0789306502712	0.2
349	62.0699957406325	0.2
350	62.0658779572887	0.2
351	62.077107923792	0.2
352	62.0468373006678	0.2
353	62.040364877403	0.2
354	62.0498037036835	0.2
355	62.062200925402	0.2
356	62.0830656059807	0.2
357	62.0512059103753	0.2
358	62.068533877614	0.2
359	62.0743840683308	0.2
360	62.0503411617398	0.2
361	62.0358872749248	0.2
362	62.0225426105481	0.2
363	62.0118968813783	0.2
364	62.0181080705519	0.2
365	62.0304231034887	0.2
366	62.045919861816	0.2
367	62.0563772160426	0.2
368	62.0458832089357	0.2
369	62.0376460789052	0.2
370	62.0123705273555	0.2
371	61.9618030379383	0.2
372	61.9383376886612	0.2
373	61.9354360734911	0.2
374	61.9124679120347	0.2
375	61.9089954749981	0.2
376	61.8926227506024	0.2
377	61.9069125724469	0.2
378	61.9067908488297	0.2
379	61.919475513457	0.2
380	61.8747739148396	0.2
381	61.845386924258	0.2
382	61.8478640022183	0.2
383	61.8311133116676	0.2
384	61.8043162823031	0.2
385	61.8248622290096	0.2
386	61.8440239225952	0.2
387	61.8342683867018	0.2
388	61.8033650501186	0.2
389	61.7815892229258	0.2
390	61.7481493641265	0.2
391	61.7271558618331	0.2
392	61.7473070340246	0.2
393	61.7624245495737	0.2
394	61.7668986500129	0.2
395	61.7846943312029	0.2
396	61.8139825464103	0.2
397	61.8249317397037	0.2
398	61.8118417994151	0.2
399	61.838252077858	0.2
400	61.813738610991	0.2
401	61.7914751964691	0.2
402	61.7888152060604	0.2
403	61.7710658191227	0.2
404	61.7575384513605	0.2
405	61.7533087367946	0.2
406	61.7483871899572	0.2
407	61.7496056224546	0.2
408	61.7602955938031	0.2
409	61.7654798612174	0.2
410	61.7415639921557	0.2
411	61.7224074786019	0.2
412	61.7382076921501	0.2
413	61.7368780904436	0.2
414	61.7594858948247	0.2
415	61.764820320978	0.2
416	61.7708019077627	0.2
417	61.7390874474338	0.2
418	61.7450561076607	0.2
419	61.7230637098332	0.2
420	61.7137330625452	0.2
421	61.7030575505759	0.2
422	61.7063223931079	0.2
423	61.7561119795352	0.2
424	61.7480123746919	0.2
425	61.7626554782355	0.2
426	61.7546449762107	0.2
427	61.7386778440437	0.2
428	61.7344196010664	0.2
429	61.7291896502301	0.2
430	61.7163896938245	0.2
431	61.7115195712066	0.2
432	61.7246423877852	0.2
433	61.7179800779598	0.2
434	61.7045479595726	0.2
435	61.7130705889379	0.2
436	61.7085286958416	0.2
437	61.6887653832033	0.2
438	61.7187227279477	0.2
439	61.703280546968	0.2
440	61.7078836924481	0.2
441	61.7090899653964	0.2
442	61.7243497338224	0.2
443	61.7222661878381	0.2
444	61.7289493817686	0.2
445	61.7233525639928	0.2
446	61.7105127203966	0.2
447	61.7125476961484	0.2
448	61.6696767116952	0.2
449	61.6292281929919	0.2
450	61.6133207110161	0.2
451	61.6147146503354	0.2
452	61.6161317552863	0.2
453	61.6344215634759	0.2
454	61.610975627068	0.2
455	61.6020884143814	0.2
456	61.6010071604908	0.2
457	61.5771342152192	0.2
458	61.557244578152	0.2
459	61.5550071171701	0.2
460	61.5356097508072	0.2
461	61.5332406191791	0.2
462	61.5365188546497	0.2
463	61.525735058547	0.2
464	61.5187569203595	0.2
465	61.509352367901	0.2
466	61.486762682305	0.2
467	61.4878771362047	0.2
468	61.475486315373	0.2
469	61.458210421853	0.2
470	61.4420763191714	0.2
471	61.4507761250693	0.2
472	61.4263898653261	0.2
473	61.4325734699355	0.2
474	61.4597696329959	0.2
475	61.4468153812642	0.2
476	61.4584046977226	0.2
477	61.4351373141224	0.2
478	61.4372519575236	0.2
479	61.4533330147183	0.2
480	61.4619982641356	0.2
481	61.4500502554116	0.2
482	61.4338111865086	0.2
483	61.4299921708637	0.2
484	61.442248948787	0.2
485	61.4412956628493	0.2
486	61.4350726170998	0.2
487	61.428602965583	0.2
488	61.4125767221089	0.2
489	61.4040297790465	0.2
490	61.4004605702316	0.2
491	61.3972347715225	0.2
492	61.35401341124	0.2
493	61.3497515079341	0.2
494	61.3587710119322	0.2
495	61.344228456597	0.2
496	61.3227759886152	0.2
497	61.3258654510055	0.2
498	61.290634455269	0.2
499	61.2902173328533	0.2
500	61.2889906648616	0.2
501	61.2933110639583	0.2
502	61.3029965226422	0.2
503	61.2890495265551	0.2
504	61.2604689784893	0.2
505	61.2636456815952	0.2
506	61.2478182979378	0.2
507	61.2330547662041	0.2
508	61.2269179038764	0.2
509	61.204906796398	0.2
510	61.1947022615381	0.2
511	61.2037549608491	0.2
512	61.2036144336806	0.2
513	61.1945853388614	0.2
514	61.1976961907244	0.2
515	61.2011517937931	0.2
516	61.1930118830565	0.2
517	61.2195765500451	0.2
518	61.219560225078	0.2
519	61.2269283545694	0.2
520	61.2206324640671	0.2
521	61.2202322787598	0.2
522	61.2082778155234	0.2
523	61.219448276813	0.2
524	61.2060468083898	0.2
525	61.2338581937771	0.2
526	61.2222259404459	0.2
527	61.2244981591305	0.2
528	61.2175891288182	0.2
529	61.2266517853727	0.2
530	61.203786973637	0.2
531	61.2156135388095	0.2
532	61.2468351956377	0.2
533	61.2511859343809	0.2
534	61.2462875757281	0.2
535	61.2547215649724	0.2
536	61.2449977558211	0.2
537	61.234625739209	0.2
538	61.2479392896452	0.2
539	61.2511259947901	0.2
540	61.2376537837391	0.2
541	61.2619963393446	0.2
542	61.2510474770567	0.2
543	61.235669493059	0.2
544	61.2333112284877	0.2
545	61.2570119908651	0.2
546	61.2611505675008	0.2
547	61.2799519868547	0.2
548	61.2739587893462	0.2
549	61.2750615815852	0.2
550	61.2608974576249	0.2
551	61.263224129783	0.2
552	61.2607018207693	0.2
553	61.2613024089678	0.2
554	61.2722164870748	0.2
555	61.2959576716171	0.2
556	61.3067222148103	0.2
557	61.2754116513095	0.2
558	61.2930483916829	0.2
559	61.3292896825238	0.2
560	61.3414621377358	0.2
561	61.3426120789634	0.2
562	61.3546589417792	0.2
563	61.328927833934	0.2
564	61.327429333236	0.2
565	61.3186919643398	0.2
566	61.327153224948	0.2
567	61.3340548181455	0.2
568	61.3436665319822	0.2
569	61.3374416876041	0.2
570	61.3174396509209	0.2
571	61.3319773658386	0.2
572	61.3344232438968	0.2
573	61.3573237739975	0.2
574	61.3984163223715	0.2
575	61.4323163778035	0.2
576	61.4798615202921	0.2
577	61.5380576577032	0.2
578	61.5794596810123	0.2
579	61.6484945659599	0.2
580	61.7166877383058	0.2
581	61.7880716347654	0.2
582	61.9036970880238	0.2
583	62.0053201340517	0.2
584	62.0927378780212	0.2
585	62.2055646967116	0.2
586	62.3432974823804	0.2
587	62.4641372710001	0.2
588	62.6482570370043	0.2
589	62.8073767882291	0.2
590	62.9992220252325	0.2
591	63.1406005885233	0.2
592	63.3131814907721	0.2
593	63.5248890401363	0.2
594	63.7114887934404	0.2
595	63.9293240031167	0.2
596	64.1155184942392	0.2
597	64.3363991753546	0.2
598	64.5688381370423	0.2
599	64.7702574510163	0.2
600	64.9807567333389	0.1
601	65.190177402324	0.1
602	65.4012246515174	0.1
603	65.6330102914495	0.1
604	65.8482767403371	0.1
605	66.0730484215072	0.1
606	66.3069068682194	0.1
607	66.5193242541912	0.1
608	66.6997995136726	0.1
609	66.8970005183425	0.1
610	67.0993115966961	0.1
611	67.2883818583599	0.1
612	67.4880437321567	0.1
613	67.6570382705395	0.1
614	67.8374927939781	0.1
615	68.0124224037532	0.1
616	68.2281628434182	0.1
617	68.4077581113567	0.1
618	68.5557802975472	0.1
619	68.7084648403446	0.1
620	68.8387409484401	0.1
621	68.9835076811881	0.1
622	69.1324604896319	0.1
623	69.2610170406875	0.1
624	69.4080139460999	0.1
625	69.5398228494763	0.1
626	69.6725153749117	0.1
627	69.8041337426665	0.1
628	69.9223350082237	0.1
629	69.9165155292255	0.1
630	69.7966135789112	0.1
631	69.578423282737	0.1
632	69.4360475524285	0.1
633	69.355703820903	0.1
634	69.3167257810203	0.1
635	69.3387105825133	0.1
636	69.4027841852602	0.1
637	69.531454710172	0.1
638	69.6995655172789	0.1
639	69.7742795807008	0.1
640	69.7685748072573	0.1
641	69.651109525784	0.1
642	69.4408966256014	0.1
643	69.1400332040688	0.1
644	68.7536759731852	0.1
645	68.4452846201343	0.1
646	68.2080663289952	0.1
647	68.0102280938037	0.1
648	67.8716809258251	0.1
649	67.8123328998274	0.1
650	67.8065399290762	0.1
651	67.860838203371	0.1
652	67.9843968539985	0.1
653	67.9111068836547	0.1
654	67.736381369032	0.1
655	67.4877932485104	0.1
656	67.3971218822059	0.1
657	67.3365651542401	0.1
658	67.3244301170163	0.1
659	67.374750997458	0.1
660	67.3982275000917	0.1
661	67.5116483519285	0.1
662	67.6420459027558	0.1
663	67.6285603225116	0.1
664	67.634834764388	0.1
665	67.7082036378192	0.1
666	67.9164990570842	0.1
667	68.2761367376417	0.1
668	68.7262460189173	0.1
669	69.3001977619309	0.1
670	69.8280396383766	0.1
671	70.1648103849038	0.1
672	70.3377813979361	0.1
673	70.3158507322036	0.1
674	70.0810693815238	0.1
675	69.9202471318557	0.1
676	69.8026776560749	0.1
677	69.7427260361816	0.1
678	69.9639288276344	0.1
679	70.3071612125927	0.1
680	70.7370562057396	0.1
681	71.281258715978	0.1
682	71.8733952545244	0.1
683	72.3558373870048	0.1
684	72.7006343467593	0.1
685	72.9825632483223	0.1
686	73.1076814709977	0.1
687	73.1541787519777	0.1
688	73.3029445891597	0.1
689	73.5632555465593	0.1
690	73.8301461901747	0.1
691	74.0833602270238	0.1
692	74.2623779714767	0.1
693	74.4258857315298	0.1
694	74.5577077568131	0.1
695	74.6150981357887	0.1
696	74.7296342979327	0.1
697	74.8844642908781	0.1
698	75.1419415037572	0.1
699	75.5381703052822	0.1
700	75.8393769326013	0.1
701	76.0488782188919	0.1
702	76.1747954997713	0.1
703	76.1935788573024	0.1
704	76.2730553698925	0.1
705	76.4178872893396	0.1
706	76.3622456950284	0.1
707	76.1477016031267	0.1
708	75.9137436856156	0.1
709	75.6851442180771	0.1
710	75.462552859432	0.1
711	75.2263644860006	0.1
712	74.8292946452358	0.1
713	74.4602687566353	0.1
714	74.069273046068	0.1
715	73.7392815397345	0.1
716	73.3989337966749	0.1
717	73.1493806076166	0.1
718	72.9450820517122	0.1
719	72.7087845948302	0.1
720	72.4962900392463	0.1
721	72.2967560431351	0.1
722	72.144984281022	0.1
723	72.0005364324532	0.1
724	71.8040132123657	0.1
725	71.5828856552972	0.1
726	71.3107450236215	0.1
727	70.9613488685718	0.1
728	70.6285993173926	0.1
729	70.3687993979001	0.1
730	70.2175546660311	0.1
731	70.1035305932252	0.1
732	70.0309561451285	0.1
733	70.0403668561906	0.1
734	70.1177080787279	0.1
735	70.0787397695363	0.1
736	69.9747637095986	0.1
737	70.0093314788849	0.1
738	69.9970023030776	0.1
739	70.0280972952571	0.1
740	70.0809032018616	0.1
741	70.1752573639991	0.1
742	70.2911461836526	0.1
743	70.3803067305828	0.1
744	70.5077179829012	0.1
745	70.6436167943755	0.1
746	70.8207976062422	0.1
747	70.9877097744807	0.1
748	71.1817699818855	0.1
749	71.4141398813213	0.1
750	71.5823976241888	0.1
751	71.7279264650685	0.1
752	71.8142543607626	0.1
753	71.8464844319656	0.1
754	71.971177210464	0.1
755	72.0272859541766	0.1
756	72.0664995683844	0.1
757	72.0685337964104	0.1
758	72.0065222856835	0.1
759	71.9054390739919	0.1
760	71.9538852562425	0.1
761	72.1091022893005	0.1
762	72.319411474602	0.1
763	72.6209042832257	0.1
764	72.9040676017559	0.1
765	73.1767643293631	0.1
766	73.4281057747043	0.1
767	73.5111228976755	0.1
768	73.4876978137869	0.1
769	73.3617274324579	0.1
770	73.1358976021145	0.1
771	72.9627469849548	0.1
772	72.8536385527182	0.1
773	72.7935446166236	0.1
774	72.7971148408074	0.1
775	72.8717877840139	0.1
776	73.0025022871668	0.1
777	73.2271829664016	0.1
778	73.5178734441209	0.1
779	73.6797952444127	0.1
780	73.8402497548104	0.1
781	73.988105220851	0.1
782	74.1438578105866	0.1
783	73.9612808546049	0.1
784	73.798446645531	0.1
785	73.6437257713674	0.1
786	73.5179451972289	0.1
787	73.3948238237964	0.1
788	73.2285140047445	0.1
789	73.0470023858181	0.1
790	72.8332618880451	0.1
791	72.6091371186613	0.1
792	72.4585579016437	0.1
793	72.4101241995225	0.1
794	72.1433568448424	0.1
795	72.0822589978291	0.1
796	72.036666611645	0.1
797	72.002219574893	0.1
798	71.9951683006801	0.1
799	71.7605179344411	0.1
800	71.388078635691	0.1
801	71.176603609322	0.1
802	71.1661646955339	0.1
803	71.1305799399848	0.1
804	71.0849771395859	0.1
805	71.0385143395822	0.1
806	70.9948162936931	0.1
807	70.7911291972293	0.1
808	70.8405289380243	0.1
809	70.7468834580603	0.1
810	70.4799614817787	0.1
811	70.0694330801142	0.1
812	69.7267047061397	0.1
813	69.4649427239131	0.1
814	69.2867245161819	0.1
815	69.175319791226	0.1
816	68.8938945617914	0.1
817	68.4988475992968	0.1
818	68.0140630390537	0.1
819	67.7620877720362	0.1
820	67.5582273058477	0.1
821	67.4072187521854	0.1
822	67.3273797157966	0.1
823	67.1873995410213	0.1
824	67.15884780468	0.1
825	67.2459719961824	0.1
826	67.1395122241047	0.1
827	66.8128348340397	0.1
828	66.4989445654959	0.1
829	66.1612110944426	0.1
830	65.8103610205179	0.1
831	65.2607685153616	0.1
832	64.8834307376542	0.1
833	64.6149978137407	0.1
834	64.4763464658617	0.1
835	64.5335734683949	0.1
836	64.7498189739131	0.1
837	64.8979331471435	0.1
838	64.7557636960542	0.1
839	64.3482977291867	0.1
840	63.8774108075561	0.1
841	63.5068219624543	0.1
842	63.2134681625167	0.1
843	62.959279903695	0.1
844	62.7530779272309	0.1
845	62.3616316687656	0.1
846	61.8051901679937	0.1
847	61.0631998777539	0.1
848	60.4483100978623	0.1
849	60.0320592571986	0.1
850	59.7775648608035	0.1
851	59.5729091131961	0.1
852	59.4161721030425	0.1
853	59.304692589033	0.1
854	59.2512063225025	0.1
855	59.2338788939744	0.1
856	59.4469624632958	0.1
857	59.6779199090177	0.1
858	59.8970778161369	0.1
859	60.1155356738233	0.1
860	60.2917261399822	0.2
861	60.4057778269309	0.2
862	60.4940867273644	0.2
863	60.765006596265	0.2
864	61.1986138862457	0.2
865	61.5831203167934	0.2
866	62.0118779608459	0.2
867	62.4947153278891	0.2
868	63.0335625779945	0.2
869	63.617652584048	0.2
870	64.2545871275367	0.2
871	64.9347535145598	0.2
872	65.6791630420238	0.2
873	66.2867498744614	0.2
874	66.7460278071613	0.2
875	67.0713331753664	0.2
876	67.3749349964102	0.2
877	67.6591858113653	0.2
878	67.8941915918288	0.2
879	68.1068705744135	0.2
880	68.3236548220079	0.2
881	68.5054768178087	0.2
882	68.6678349244667	0.2
883	68.8660487697181	0.2
884	69.0772460742081	0.2
885	69.2940810570175	0.2
886	69.5348805714139	0.2
887	69.786894383679	0.2
888	70.0398168243497	0.2
889	70.3117555579937	0.2
890	70.6149146021027	0.2
891	70.9304629469967	0.2
892	71.245553119575	0.2
893	71.5499784914	0.2
894	71.8644653786692	0.2
895	72.1587576833927	0.2
896	72.4594691273358	0.2
897	72.7460792031637	0.2
898	73.0285723799539	0.2
899	73.3234985481042	0.2
900	73.6190062172377	0.2
901	73.8922852816463	0.2
902	74.1536515125197	0.2
903	74.4308058726413	0.2
904	74.6956226096204	0.2
905	74.9442281113366	0.2
906	75.1886879722438	0.2
907	75.4112809406939	0.2
908	75.5958291706175	0.2
909	75.7646719391588	0.2
910	75.906286468265	0.2
911	76.0396162564777	0.2
912	76.149608238561	0.2
913	76.2530985674949	0.2
914	76.3440586094137	0.2
915	76.4227306404247	0.2
916	76.4547143634326	0.2
917	76.489082722167	0.2
918	76.5461853624202	0.2
919	76.5860342384026	0.2
920	76.6375871962094	0.2
921	76.6747527983111	0.2
922	76.7146821801457	0.2
923	76.759137563265	0.2
924	76.7853505230276	0.2
925	76.8181127330718	0.2
926	76.870376387539	0.2
927	76.9173225239965	0.2
928	76.9748971252196	0.2
929	77.0266992561069	0.2
930	77.0726420821705	0.2
931	77.1183226076315	0.2
932	77.1644322421875	0.2
933	77.216442298217	0.2
934	77.2622681106881	0.2
935	77.3148921633901	0.2
936	77.3719543094106	0.2
937	77.4261428130782	0.2
938	77.4722419478937	0.2
939	77.5073568496703	0.2
940	77.5356219432916	0.2
941	77.5766047811497	0.2
942	77.609001505242	0.2
943	77.6258813037298	0.2
944	77.6540537472993	0.2
945	77.6747575090095	0.2
946	77.7216702416927	0.2
947	77.7688979001622	0.2
948	77.7983287639204	0.2
949	77.8420630339008	0.2
950	77.878347722048	0.2
951	77.8881002052687	0.2
952	77.9116773183142	0.2
953	77.9302719610049	0.2
954	77.9703440950279	0.2
955	77.9895301086729	0.2
956	78.0124598387065	0.2
957	78.0427147193936	0.2
958	78.0737445229711	0.2
959	78.0957161458292	0.2
960	78.1299796727044	0.2
961	78.1636139981861	0.2
962	78.2062314136287	0.2
963	78.2585006162915	0.2
964	78.2892103181236	0.2
965	78.3179306575124	0.2
966	78.364374178309	0.2
967	78.415148165491	0.2
968	78.4725906669051	0.2
969	78.5161969410058	0.2
970	78.5749204514214	0.2
971	78.6125152918964	0.2
972	78.6512315695386	0.2
973	78.6800567959954	0.2
974	78.710815547752	0.2
975	78.7629563115912	0.2
976	78.8268156387064	0.2
977	78.9024109788157	0.2
978	78.9512307737252	0.2
979	78.9966447144122	0.2
980	79.0587345688863	0.2
981	79.1083447645431	0.2
982	79.1641652922972	0.2
983	79.2245446976482	0.2
984	79.2778049089702	0.2
985	79.318719783186	0.2
986	79.3620571320577	0.2
987	79.3943538020406	0.2
988	79.4191595189814	0.2
989	79.4524703026114	0.2
990	79.4982287601209	0.2
991	79.5345951292634	0.2
992	79.5750782338755	0.2
993	79.2885502062012	0.2
994	78.6752898597805	0.2
995	78.113704990893	0.2
996	77.6027405795013	0.2
997	77.1382761519128	0.2
998	76.7522683816568	0.2
999	76.3938230314398	0.2
1000	76.0529626636065	0.2
1001	75.7762718547222	0.2
1002	75.5244636791677	0.2
1003	75.5452021187224	0.2
1004	75.8137713632158	0.2
1005	76.0089035079184	0.2
1006	76.1242420006143	0.2
1007	76.1418922489782	0.2
1008	76.0736179194769	0.2
1009	75.9206009255368	0.2
1010	75.6931793859057	0.2
1011	75.4749248260619	0.2
1012	75.2832309793027	0.2
1013	75.1270849495279	0.2
1014	75.0008474611424	0.2
1015	74.8863677608894	0.2
1016	74.7965177376029	0.2
1017	74.7933780925106	0.2
1018	75.185653467345	0.2
1019	75.9031391563951	0.2
1020	76.5443119809411	0.1
1021	77.127729093237	0.1
1022	77.6220214264254	0.1
1023	78.0620623196413	0.1
1024	78.4320416760776	0.1
1025	78.7564191420533	0.1
1026	78.9961958197422	0.1
1027	79.2259082586056	0.1
1028	79.2235711435122	0.1
1029	78.9985112785566	0.1
1030	78.863679942436	0.1
1031	78.8520720821579	0.1
1032	78.9642267387255	0.1
1033	79.1865881430915	0.1
1034	79.5302894864371	0.1
1035	79.9720331735539	0.1
1036	80.4095044150281	0.1
1037	80.8462257909335	0.1
1038	81.281105346993	0.1
1039	81.7171568566241	0.1
1040	82.1386805287106	0.1
1041	82.4026065753821	0.1
1042	82.4130216687468	0.1
1043	82.3654466695599	0.1
1044	82.3067466498418	0.1
1045	82.2777874402945	0.1
1046	82.273311051489	0.1
1047	82.3266424200125	0.1
1048	82.3679492443813	0.1
1049	82.4566476690426	0.1
1050	82.5295673210497	0.1
1051	82.5709218505568	0.1
1052	82.5056948241148	0.1
1053	82.3993782103392	0.1
1054	82.2520508951417	0.1
1055	82.0707087875368	0.1
1056	81.8391816379656	0.1
1057	81.556799045331	0.1
1058	81.2203627630891	0.1
1059	80.9455689934826	0.1
1060	80.7108985575425	0.1
1061	80.5320817050236	0.1
1062	80.3912717876198	0.1
1063	80.2809900848556	0.1
1064	80.2107956016371	0.1
1065	80.0376438863741	0.1
1066	79.883037498358	0.1
1067	79.8943372347461	0.1
1068	79.8960252099783	0.1
1069	79.9046881863742	0.1
1070	79.9043435475145	0.1
1071	79.9088722955408	0.1
1072	79.8890779901024	0.1
1073	79.8881620147731	0.1
1074	79.8802375749694	0.1
1075	79.8820743973038	0.1
1076	79.9514115888289	0.1
1077	80.0762765530272	0.1
1078	80.1809205233978	0.1
1079	80.2668886216051	0.1
1080	80.3533715328387	0.1
1081	80.414325503459	0.1
1082	80.4735728170642	0.1
1083	80.5587607600467	0.1
1084	80.552287492016	0.1
1085	80.4774579174932	0.1
1086	80.3419951031926	0.1
1087	80.1401819736749	0.1
1088	79.8853154526417	0.1
1089	79.5723681828582	0.1
1090	79.3694539366664	0.1
1091	79.2817736505108	0.1
1092	79.1963834949596	0.1
1093	79.1084366608113	0.1
1094	79.0433204135871	0.1
1095	78.9664759902851	0.1
1096	78.8900841975894	0.1
1097	78.8049310829305	0.1
1098	78.7044653716996	0.1
1099	78.6029127291186	0.1
1100	78.500418660499	0.1
1101	78.3801310865441	0.1
1102	78.2817139350605	0.1
1103	78.2114103201443	0.1
1104	78.1645278879747	0.1
1105	78.1308777119215	0.1
1106	78.1447801085136	0.1
1107	78.1770804403103	0.1
1108	78.1926935570888	0.1
1109	78.2143294130504	0.1
1110	78.2441503644262	0.1
1111	78.2896769841444	0.1
1112	78.3555843107224	0.1
1113	78.4011853573021	0.1
1114	78.4355410148979	0.1
1115	78.4370318176607	0.1
1116	78.4137010573357	0.1
1117	78.3774275979175	0.1
1118	78.3258328936201	0.1
1119	78.2455775692014	0.1
1120	78.200654497858	0.1
1121	78.1377194609241	0.1
1122	78.0870656941422	0.1
1123	78.0414851236085	0.1
1124	77.9953798178998	0.1
1125	77.9502469724996	0.1
1126	77.9123830699238	0.1
1127	77.8850604815915	0.1
1128	77.8635927469843	0.1
1129	77.848607953546	0.1
1130	77.8335047104467	0.1
1131	77.8103682778362	0.1
1132	77.7915330470638	0.1
1133	77.7864509893217	0.1
1134	77.7806354265581	0.1
1135	77.7752331865073	0.1
1136	77.7656893479865	0.1
1137	77.7398517511209	0.1
1138	77.7187962009948	0.1
1139	77.6991065956857	0.1
1140	77.6983527316648	0.1
1141	77.7157671638072	0.1
1142	77.7376279629038	0.1
1143	77.7735107243062	0.1
1144	77.8113343753826	0.1
1145	77.8190587150174	0.1
1146	77.8279682512408	0.1
1147	77.835551577561	0.1
1148	77.8355584630659	0.1
1149	77.9169710725058	0.1
1150	78.0955683083857	0.1
1151	78.2744552748076	0.1
1152	78.4314836731381	0.1
1153	78.6054349128333	0.1
1154	78.7671831124365	0.1
1155	78.9347845833584	0.1
1156	79.1268703292968	0.1
1157	79.3039617010112	0.1
1158	79.4732782682219	0.1
1159	79.6840906391181	0.1
1160	79.9079517844183	0.1
1161	80.046992549776	0.1
1162	80.1147448549965	0.1
1163	80.1280804850621	0.1
1164	80.0825160286702	0.1
1165	79.9572864272523	0.1
1166	79.7819050695267	0.1
1167	79.5897546371605	0.1
1168	79.3708467080602	0.1
1169	79.1506178375845	0.1
1170	78.9188114978497	0.1
1171	78.6554679166093	0.1
1172	78.3836898211683	0.1
1173	78.0962102541014	0.1
1174	77.7079391325225	0.1
1175	77.2081194523652	0.1
1176	76.7019986699996	0.1
1177	76.1782823822056	0.1
1178	75.6240687123894	0.1
1179	75.0705996305704	0.1
1180	74.5054042558243	0.1
1181	73.9106780046054	0.1
1182	73.3109837985502	0.1
1183	72.7017274767935	0.1
1184	72.0360264804723	0.1
1185	71.3717953489729	0.1
1186	70.7816616194776	0.1
1187	70.2714387284937	0.1
1188	69.8456366771007	0.1
1189	69.4879643265176	0.1
1190	69.2138988491841	0.1
1191	69.0196767046704	0.1
1192	68.8546274347559	0.1
1193	68.7316628967217	0.1
1194	68.6402739052402	0.1
1195	68.575089189588	0.1
1196	68.5568174466856	0.1
1197	68.5638685507265	0.1
1198	68.6057173132062	0.1
1199	68.7061015026506	0.1
1200	68.8584654586501	0.1
1201	69.0736055898429	0.1
1202	69.3466929179793	0.1
1203	69.6816232285104	0.1
1204	70.06814669277	0.1
1205	70.511863181635	0.1
1206	71.0133315944958	0.1
1207	71.5737050488675	0.1
1208	72.1893773488429	0.1
1209	72.8032226292395	0.1
1210	73.3719167471008	0.1
1211	73.9117371353279	0.1
1212	74.4197852973341	0.1
1213	74.8808702509923	0.1
1214	75.3129713010541	0.1
1215	75.7115012653503	0.1
1216	76.0763793432483	0.1
1217	76.4093955190218	0.1
1218	76.6959916760854	0.1
1219	77.1506718211511	0.1
1220	77.8035995466678	0.1
1221	78.3386731839019	0.1
1222	78.7443824898045	0.1
1223	79.0241234348319	0.1
1224	79.1414956843246	0.1
1225	79.1128031317821	0.1
1226	78.9146928569726	0.1
1227	78.6963590806253	0.1
1228	78.4674611578034	0.1
1229	78.2271796083398	0.1
1230	77.9513091171994	0.1
1231	77.6510085295528	0.1
1232	77.3247460725257	0.1
1233	76.9826998340626	0.1
1234	76.6865430811778	0.1
1235	76.4345776819318	0.1
1236	76.2232294411959	0.1
1237	76.0674558983459	0.1
1238	75.9468243020634	0.1
1239	75.8525179744709	0.1
1240	75.8084443042474	0.1
1241	75.8005358597509	0.1
1242	75.8433126147474	0.1
1243	75.9196323191998	0.1
1244	75.82226700639	0.1
1245	75.5556282769996	0.1
1246	75.4092108371205	0.1
1247	75.4040311458461	0.1
1248	75.5368330774813	0.1
1249	75.8208010383098	0.1
1250	76.2341771544109	0.1
1251	76.7465056503143	0.1
1252	77.2234509672516	0.1
1253	77.6469583891288	0.1
1254	78.0154733008446	0.1
1255	78.3469293335366	0.1
1256	78.6372484212862	0.1
1257	78.8395861681531	0.1
1258	78.9556936431207	0.1
1259	78.9941484686493	0.1
1260	78.9697773269456	0.1
1261	78.8689709519703	0.1
1262	78.6894530397155	0.1
1263	78.448846304826	0.1
1264	78.1611886685553	0.1
1265	77.7978207029534	0.1
1266	77.3612779604147	0.1
1267	76.8471880827849	0.1
1268	76.2851312753228	0.1
1269	75.6719970536158	0.1
1270	74.990132312723	0.1
1271	74.2631308685845	0.1
1272	73.4811607739723	0.1
1273	72.6629835966967	0.1
1274	71.7856292923835	0.1
1275	70.9396145391202	0.1
1276	70.1496660347918	0.1
1277	69.412961244127	0.1
1278	68.7494169890804	0.1
1279	68.1574344098077	0.1
1280	67.6278533060003	0.1
1281	67.0731556994551	0.1
1282	66.546397810573	0.1
1283	66.0842847130059	0.1
1284	65.68077557447	0.1
1285	65.3313122697078	0.1
1286	65.0440552664344	0.1
1287	64.8073450857348	0.1
1288	64.6374833432089	0.1
1289	64.5193357629581	0.1
1290	64.4659854539358	0.1
1291	64.4723285436404	0.1
1292	64.5267564150367	0.1
1293	64.5771722698736	0.1
1294	64.6173595087547	0.1
1295	64.634323558571	0.1
1296	64.643981847201	0.1
1297	64.6480270689989	0.1
1298	64.6332192271156	0.1
1299	64.716759473145	0.1
1300	64.8140729149677	0.1
1301	64.8978582933167	0.1
1302	64.9620485495035	0.1
1303	64.9982471183874	0.1
1304	65.0158005598156	0.1
1305	65.0308707733974	0.1
1306	65.1182361338128	0.1
1307	65.2602504442924	0.1
1308	65.4160696127185	0.1
1309	65.5874911211378	0.1
1310	65.7688105630062	0.1
1311	65.9659470805667	0.1
1312	66.1809538849858	0.1
1313	66.3997628530371	0.1
1314	66.6256739045936	0.1
1315	66.8851807798813	0.1
1316	67.1800703052165	0.1
1317	67.5194375524311	0.1
1318	67.9582075244631	0.1
1319	68.498370271884	0.1
1320	69.1251135086792	0.1
1321	69.826322790184	0.1
1322	70.6062891078826	0.1
1323	71.4621214268094	0.1
1324	72.2308531648708	0.1
1325	72.9190316878102	0.1
1326	73.5720094680756	0.1
1327	74.1859895304666	0.1
1328	74.7475207184205	0.1
1329	75.2699010235913	0.1
1330	75.7456405901149	0.1
1331	76.1831625121756	0.1
1332	76.5875153090703	0.1
1333	76.9941159842688	0.1
1334	77.3901288196585	0.1
1335	77.7864698330482	0.1
1336	78.1723962799872	0.1
1337	78.5491679399873	0.1
1338	78.9222482816822	0.1
1339	79.2873398264417	0.1
1340	79.6177480394483	0.1
1341	79.8361097452939	0.1
1342	79.9448861899506	0.1
1343	80.122085047349	0.1
1344	80.3655740533958	0.1
1345	80.4887137912557	0.1
1346	80.4621003718194	0.1
1347	80.4001560073606	0.1
1348	80.3043789014695	0.1
1349	80.2236192593683	0.1
1350	80.0994244517303	0.1
1351	79.9306245306259	0.1
1352	79.8214208443912	0.1
1353	79.7743061550941	0.1
1354	79.764862275889	0.1
1355	79.7838111855139	0.1
1356	79.7056627098193	0.1
1357	79.2201079613313	0.1
1358	78.3085632875706	0.1
1359	78.0606413547756	0.1
1360	78.0721087056086	0.1
1361	78.0072689083762	0.1
1362	77.868533539268	0.1
1363	77.6281573305072	0.1
1364	77.2548952197136	0.1
1365	76.765107843281	0.1
1366	76.3699122472349	0.1
1367	76.066228419143	0.1
1368	75.6947294153745	0.1
1369	75.2654259332326	0.1
1370	74.9062003483673	0.1
1371	74.6399967261062	0.1
1372	74.3139508192969	0.1
1373	73.9367813274676	0.1
1374	73.5542223043721	0.1
1375	73.2537421864981	0.1
1376	72.8300984198504	0.1
1377	72.1815023596719	0.1
1378	71.4532706137183	0.1
1379	70.6558795514541	0.1
1380	69.7956664711374	0.1
1381	69.0120015169009	0.1
1382	68.6323129081669	0.1
1383	68.7351816824426	0.1
1384	68.219922470155	0.1
1385	67.4905932387752	0.1
1386	66.8881692511737	0.1
1387	66.3960969964044	0.1
1388	66.0385186328853	0.1
1389	65.8330699101786	0.1
1390	65.7623559586781	0.1
1391	65.7467653259575	0.1
1392	65.6938564253237	0.1
1393	65.5887253250239	0.1
1394	65.413275832281	0.1
1395	65.239478255726	0.1
1396	65.08308619062	0.1
1397	65.1358441596084	0.1
1398	65.3735901792058	0.1
1399	65.7973321497568	0.1
1400	66.1779414920768	0.1
1401	66.7082917061251	0.1
1402	67.3880517785012	0.1
1403	68.0753750982499	0.1
1404	68.7731269592896	0.1
1405	69.5379473276643	0.1
1406	70.3611590008725	0.1
1407	71.2363693517034	0.1
1408	71.8867016762374	0.1
1409	72.3213198126361	0.1
1410	72.5737687181978	0.1
1411	72.6600817469644	0.1
1412	72.5995097916544	0.1
1413	72.5132443193603	0.1
1414	72.4316402630611	0.1
1415	72.2431715254721	0.1
1416	71.9466216775565	0.1
1417	71.6401937592668	0.1
1418	71.3916232002177	0.1
1419	71.1975080113587	0.1
1420	70.8830601865596	0.1
1421	70.5862130116038	0.1
1422	70.1701174312543	0.1
1423	69.8484257624989	0.1
1424	69.3702922355111	0.1
1425	68.9577608317078	0.1
1426	68.6582349777866	0.1
1427	68.4734063870206	0.1
1428	68.409147692245	0.1
1429	68.2240678200384	0.1
1430	67.8430008147779	0.1
1431	67.5037192331447	0.1
1432	67.1564703313467	0.1
1433	66.9986255913865	0.1
1434	67.0122253125024	0.1
1435	67.120508037534	0.1
1436	67.3388440904337	0.1
1437	67.6807100981071	0.1
1438	68.0271724960395	0.1
1439	68.3771750195453	0.1
1440	68.7762026071441	0.1
1441	69.187522703094	0.1
1442	69.6504859775081	0.1
1443	69.985869462814	0.1
1444	70.2632523147441	0.1
1445	70.6575341373558	0.1
1446	71.0151005583613	0.1
1447	71.3099308145771	0.1
1448	71.3525848192231	0.1
1449	71.3481319240056	0.1
1450	71.303665513	0.1
1451	71.1502493118949	0.1
1452	70.4025609823471	0.1
1453	69.7118913169369	0.1
1454	69.3236127513463	0.1
1455	69.2435238117584	0.1
1456	69.2496017874151	0.1
1457	69.3909330966872	0.1
1458	69.6558068692235	0.1
1459	70.0553404239186	0.1
1460	70.0315349121502	0.1
1461	69.5723560143514	0.1
1462	69.4762687595863	0.1
1463	69.7394223303241	0.1
1464	69.5132382566586	0.1
1465	68.8714346672672	0.1
1466	67.7816514741908	0.1
1467	67.1638570223925	0.1
1468	67.1191087589353	0.1
1469	67.2195588144343	0.1
1470	67.4663080130665	0.1
1471	67.8628323259721	0.1
1472	68.137466774408	0.1
1473	68.2393968289367	0.1
1474	68.3413497896953	0.1
1475	68.3461744665919	0.1
1476	68.2805393272818	0.1
1477	68.7616205112757	0.1
1478	69.3729799915653	0.1
1479	70.1211057728629	0.1
1480	70.6037478072873	0.1
1481	70.7690476027096	0.1
1482	70.924993529201	0.1
1483	70.7390634567122	0.1
1484	70.2561908475896	0.1
1485	70.1922256967473	0.1
1486	70.6339074770948	0.1
1487	70.7779525941164	0.1
1488	70.5016556906005	0.1
1489	70.8800800298683	0.1
1490	71.5764608833369	0.1
1491	72.7832186888469	0.1
1492	73.542338418678	0.1
1493	73.644044463587	0.1
1494	73.4705718645596	0.1
1495	73.3171579922671	0.1
1496	73.5822769155732	0.1
1497	73.4644325075997	0.1
1498	73.983509284264	0.1
1499	74.2197634440708	0.1
1500	74.2877068279061	0.1
1501	74.3287461074457	0.1
1502	74.2052545411898	0.1
1503	74.361999922211	0.1
1504	73.7888914580872	0.1
1505	73.6558252030459	0.1
1506	73.9920542223804	0.1
1507	73.4827875408334	0.1
1508	73.3046282288369	0.1
1509	73.6722257159016	0.1
1510	74.1009364803428	0.1
1511	75.307303550646	0.1
1512	76.0104629249801	0.1
1513	76.368197143369	0.1
1514	76.1606831932383	0.1
1515	76.4182057793042	0.1
1516	76.2109526395496	0.1
1517	76.0160762759784	0.1
1518	75.9774872155396	0.1
1519	75.9738320719864	0.1
1520	76.0708942208537	0.1
1521	75.7482771460454	0.1
1522	76.1772780779839	0.1
1523	76.1304053746282	0.1
1524	76.3635682665986	0.1
1525	76.8035428717281	0.1
1526	77.1469866185387	0.1
1527	77.6659535737257	0.1
1528	77.5930875353502	0.1
1529	79.2671633339522	0.1
1530	79.1599176012343	0.1
1531	79.5653564841585	0.1
1532	79.3525497509168	0.1
1533	79.5669967126031	0.1
1534	80.013339346497	0.1
1535	79.8234810041656	0.1
1536	78.5469443430082	0.1
1537	78.0554135490571	0.1
1538	78.2360766114115	0.1
1539	78.489198122909	0.1
1540	78.5795146121083	0.1
1541	79.2676252205032	0.1
1542	79.2041644900584	0.1
1543	79.161965526552	0.1
1544	79.9956854206127	0.1
1545	80.5848511223757	0.1
1546	80.5259967676405	0.1
1547	81.4543899143519	0.1
1548	82.0199591216014	0.1
1549	82.2281388345479	0.1
1550	82.1246674641788	0.1
1551	82.1546351162429	0.1
1552	82.0676021919669	0.1
1553	82.3209547301722	0.1
1554	81.3531237403695	0.1
1555	81.9793678188033	0.1
1556	81.4712227637802	0.1
1557	82.2940362955587	0.1
1558	82.5587702498655	0.1
1559	82.2043451568328	0.1
1560	82.4873723189738	0.1
1561	83.0294287825169	0.1
1562	83.2120997840714	0.1
1563	83.0910921408722	0.1
1564	83.245835028007	0.1
1565	83.2151322662349	0.1
1566	83.0088998879369	0.1
1567	83.484872567638	0.1
1568	84.0051079605676	0.1
1569	83.8414477493409	0.1
1570	83.734510057602	0.1
1571	84.2125475017209	0.1
1572	83.3685125110112	0.1
1573	82.7916559277785	0.1
1574	82.4880164293373	0.1
1575	82.4471991763008	0.1
1576	82.6971960326097	0.1
1577	83.2315382176712	0.1
1578	83.6872275981209	0.1
1579	84.2535103319511	0.1
1580	84.5207946917276	0.1
1581	84.929530767345	0.1
1582	85.1526372416428	0.1
1583	85.1728886055173	0.1
1584	85.3314271134865	0.1
1585	85.6024976726469	0.1
1586	85.9963120156623	0.1
1587	86.5191879176351	0.1
1588	87.1938017227406	0.1
1589	88.0406621497862	0.1
1590	88.7664608325631	0.1
1591	89.3743929987124	0.1
1592	90.1252070645993	0.1
1593	90.9377937965338	0.1
1594	91.7912028189796	0.1
1595	92.7332549824211	0.1
1596	93.2852585063176	0.1
1597	93.6342035230523	0.1
