#depth	thinning function (no dimension)	
0	0.9997	0
1	0.9994	0.000626174076393237
2	0.99909	0.00125234815278647
3	0.99876	0.00187852222917971
4	0.99841	0.00250469630557295
5	0.99805	0.00313087038196619
6	0.99767	0.00375704445835942
7	0.99727	0.00438321853475266
8	0.99685	0.0050093926111459
9	0.99641	0.00563556668753914
10	0.99597	0.00626174076393237
11	0.99551	0.00688791484032561
12	0.99504	0.00751408891671885
13	0.99457	0.00814026299311208
14	0.99409	0.00876643706950532
15	0.99361	0.00939261114589856
16	0.99312	0.0100187852222918
17	0.99262	0.010644959298685
18	0.99211	0.0112711333750783
19	0.99161	0.0118973074514715
20	0.9911	0.0125234815278647
21	0.99058	0.013149655604258
22	0.99006	0.0137758296806512
23	0.98953	0.0144020037570445
24	0.989	0.0150281778334377
25	0.98846	0.0156543519098309
26	0.98791	0.0162805259862242
27	0.98737	0.0169067000626174
28	0.98682	0.0175328741390106
29	0.98627	0.0181590482154039
30	0.98571	0.0187852222917971
31	0.98515	0.0194113963681903
32	0.98458	0.0200375704445836
33	0.98401	0.0206637445209768
34	0.98343	0.0212899185973701
35	0.98284	0.0219160926737633
36	0.98226	0.0225422667501565
37	0.98167	0.0231684408265498
38	0.98108	0.023794614902943
39	0.98048	0.0244207889793362
40	0.97988	0.0250469630557295
41	0.97927	0.0256731371321227
42	0.97865	0.0262993112085159
43	0.97803	0.0269254852849092
44	0.97741	0.0275516593613024
45	0.97678	0.0281778334376956
46	0.97616	0.0288040075140889
47	0.97553	0.0294301815904821
48	0.9749	0.0300563556668754
49	0.97426	0.0306825297432686
50	0.97362	0.0313087038196618
51	0.97298	0.0319348778960551
52	0.97233	0.0325610519724483
53	0.97168	0.0331872260488415
54	0.97103	0.0338134001252348
55	0.97037	0.034439574201628
56	0.96971	0.0350657482780213
57	0.96904	0.0356919223544145
58	0.96837	0.0363180964308077
59	0.9677	0.036944270507201
60	0.96702	0.0375704445835942
61	0.96635	0.0381966186599875
62	0.96567	0.0388227927363807
63	0.96499	0.0394489668127739
64	0.96431	0.0400751408891672
65	0.96362	0.0407013149655604
66	0.96292	0.0413274890419537
67	0.96222	0.0419536631183469
68	0.96152	0.0425798371947401
69	0.96081	0.0432060112711334
70	0.96011	0.0438321853475266
71	0.9594	0.0444583594239198
72	0.95869	0.0450845335003131
73	0.95797	0.0457107075767063
74	0.95726	0.0463368816530996
75	0.95653	0.0469630557294928
76	0.95581	0.047589229805886
77	0.95508	0.0482154038822793
78	0.95435	0.0488415779586725
79	0.95362	0.0494677520350658
80	0.95288	0.050093926111459
81	0.95214	0.0507201001878522
82	0.9514	0.0513462742642455
83	0.95066	0.0519724483406387
84	0.94992	0.052598622417032
85	0.94917	0.0532247964934252
86	0.94842	0.0538509705698184
87	0.94766	0.0544771446462117
88	0.94691	0.0551033187226049
89	0.94614	0.0557294927989982
90	0.94538	0.0563556668753914
91	0.94462	0.0569818409517846
92	0.94385	0.0576080150281779
93	0.94309	0.0582341891045711
94	0.94232	0.0588603631809643
95	0.94155	0.0594865372573576
96	0.94078	0.0601127113337508
97	0.94001	0.0607388854101441
98	0.93924	0.0613650594865373
99	0.93848	0.0619912335629305
100	0.93771	0.0626174076393238
101	0.93695	0.063243581715717
102	0.93618	0.0638697557921102
103	0.93541	0.0644959298685035
104	0.93464	0.0651221039448967
105	0.93387	0.0657482780212899
106	0.93309	0.0663744520976832
107	0.93231	0.0670006261740764
108	0.93154	0.0676268002504696
109	0.93076	0.0682529743268629
110	0.92998	0.0688791484032561
111	0.9292	0.0695053224796493
112	0.92841	0.0701314965560426
113	0.92762	0.0707576706324358
114	0.92683	0.071383844708829
115	0.92604	0.0720100187852223
116	0.92525	0.0726361928616155
117	0.92446	0.0732623669380087
118	0.92367	0.073888541014402
119	0.92288	0.0745147150907952
120	0.9221	0.0751408891671884
121	0.92131	0.0757670632435817
122	0.92052	0.0763932373199749
123	0.91973	0.0770194113963681
124	0.91894	0.0776455854727613
125	0.91815	0.0782717595491546
126	0.91736	0.0788979336255478
127	0.91657	0.079524107701941
128	0.91578	0.0801502817783343
129	0.91499	0.0807764558547275
130	0.9142	0.0814026299311207
131	0.91341	0.082028804007514
132	0.91262	0.0826549780839072
133	0.91183	0.0832811521603004
134	0.91105	0.0839073262366937
135	0.91026	0.0845335003130869
136	0.90947	0.0851596743894801
137	0.90868	0.0857858484658734
138	0.90789	0.0864120225422666
139	0.9071	0.0870381966186598
140	0.90631	0.0876643706950531
141	0.90552	0.0882905447714463
142	0.90473	0.0889167188478395
143	0.90394	0.0895428929242328
144	0.90315	0.090169067000626
145	0.90236	0.0907952410770192
146	0.90157	0.0914214151534125
147	0.90078	0.0920475892298057
148	0.9	0.0926737633061989
149	0.89921	0.0932999373825922
150	0.89842	0.0939261114589854
151	0.89763	0.0945522855353786
152	0.89684	0.0951784596117718
153	0.89605	0.0958046336881651
154	0.89526	0.0964308077645583
155	0.89447	0.0970569818409515
156	0.89368	0.0976831559173448
157	0.89289	0.098309329993738
158	0.8921	0.0989355040701312
159	0.89131	0.0995616781465245
160	0.89052	0.100187852222918
161	0.88973	0.100814026299311
162	0.88895	0.101440200375704
163	0.88816	0.102066374452097
164	0.88737	0.102692548528491
165	0.88658	0.103318722604884
166	0.88579	0.103944896681277
167	0.885	0.10457107075767
168	0.88421	0.105197244834064
169	0.88342	0.105823418910457
170	0.88263	0.10644959298685
171	0.88184	0.107075767063243
172	0.88105	0.107701941139636
173	0.88026	0.10832811521603
174	0.87947	0.108954289292423
175	0.87868	0.109580463368816
176	0.8779	0.110206637445209
177	0.87711	0.110832811521603
178	0.87632	0.111458985597996
179	0.87553	0.112085159674389
180	0.87474	0.112711333750782
181	0.87395	0.113337507827176
182	0.87316	0.113963681903569
183	0.87237	0.114589855979962
184	0.87158	0.115216030056355
185	0.87079	0.115842204132749
186	0.87	0.116468378209142
187	0.86921	0.117094552285535
188	0.86843	0.117720726361928
189	0.86764	0.118346900438321
190	0.86685	0.118973074514715
191	0.86606	0.119599248591108
192	0.86527	0.120225422667501
193	0.86448	0.120851596743894
194	0.86369	0.121477770820288
195	0.8629	0.122103944896681
196	0.86211	0.122730118973074
197	0.86132	0.123356293049467
198	0.86053	0.123982467125861
199	0.85974	0.124608641202254
200	0.85895	0.125234815278647
201	0.85817	0.12586098935504
202	0.85738	0.126487163431433
203	0.85659	0.127113337507827
204	0.8558	0.12773951158422
205	0.85501	0.128365685660613
206	0.85422	0.128991859737006
207	0.85343	0.1296180338134
208	0.85264	0.130244207889793
209	0.85185	0.130870381966186
210	0.85106	0.131496556042579
211	0.85027	0.132122730118973
212	0.84948	0.132748904195366
213	0.84869	0.133375078271759
214	0.8479	0.134001252348152
215	0.84711	0.134627426424545
216	0.84633	0.135253600500939
217	0.84554	0.135879774577332
218	0.84475	0.136505948653725
219	0.84396	0.137132122730118
220	0.84317	0.137758296806512
221	0.84238	0.138384470882905
222	0.84159	0.139010644959298
223	0.8408	0.139636819035691
224	0.84001	0.140262993112085
225	0.83922	0.140889167188478
226	0.83843	0.141515341264871
227	0.83764	0.142141515341264
228	0.83685	0.142767689417657
229	0.83607	0.143393863494051
230	0.83528	0.144020037570444
231	0.83449	0.144646211646837
232	0.8337	0.14527238572323
233	0.83291	0.145898559799624
234	0.83212	0.146524733876017
235	0.83133	0.14715090795241
236	0.83054	0.147777082028803
237	0.82975	0.148403256105197
238	0.82897	0.14902943018159
239	0.82818	0.149655604257983
240	0.82739	0.150281778334376
241	0.8266	0.15090795241077
242	0.82581	0.151534126487163
243	0.82502	0.152160300563556
244	0.82423	0.152786474639949
245	0.82344	0.153412648716342
246	0.82265	0.154038822792736
247	0.82186	0.154664996869129
248	0.82108	0.155291170945522
249	0.82029	0.155917345021915
250	0.8195	0.156543519098309
251	0.81871	0.157169693174702
252	0.81792	0.157795867251095
253	0.81713	0.158422041327488
254	0.81634	0.159048215403882
255	0.81555	0.159674389480275
256	0.81476	0.160300563556668
257	0.81397	0.160926737633061
258	0.81318	0.161552911709454
259	0.8124	0.162179085785848
260	0.81161	0.162805259862241
261	0.81082	0.163431433938634
262	0.81003	0.164057608015027
263	0.80924	0.164683782091421
264	0.80845	0.165309956167814
265	0.80766	0.165936130244207
266	0.80687	0.1665623043206
267	0.80608	0.167188478396994
268	0.8053	0.167814652473387
269	0.80451	0.16844082654978
270	0.80372	0.169067000626173
271	0.80293	0.169693174702566
272	0.80214	0.17031934877896
273	0.80135	0.170945522855353
274	0.80056	0.171571696931746
275	0.79977	0.172197871008139
276	0.79899	0.172824045084533
277	0.7982	0.173450219160926
278	0.79741	0.174076393237319
279	0.79662	0.174702567313712
280	0.79583	0.175328741390106
281	0.79504	0.175954915466499
282	0.79425	0.176581089542892
283	0.79346	0.177207263619285
284	0.79268	0.177833437695678
285	0.79189	0.178459611772072
286	0.7911	0.179085785848465
287	0.79031	0.179711959924858
288	0.78952	0.180338134001251
289	0.78873	0.180964308077645
290	0.78794	0.181590482154038
291	0.78715	0.182216656230431
292	0.78637	0.182842830306824
293	0.78558	0.183469004383218
294	0.78479	0.184095178459611
295	0.784	0.184721352536004
296	0.78321	0.185347526612397
297	0.78242	0.185973700688791
298	0.78163	0.186599874765184
299	0.78085	0.187226048841577
300	0.78006	0.18785222291797
301	0.77927	0.188478396994363
302	0.77848	0.189104571070757
303	0.77769	0.18973074514715
304	0.7769	0.190356919223543
305	0.77612	0.190983093299936
306	0.77533	0.19160926737633
307	0.77454	0.192235441452723
308	0.77375	0.192861615529116
309	0.77296	0.193487789605509
310	0.77217	0.194113963681903
311	0.77138	0.194740137758296
312	0.7706	0.195366311834689
313	0.76981	0.195992485911082
314	0.76902	0.196618659987475
315	0.76823	0.197244834063869
316	0.76744	0.197871008140262
317	0.76665	0.198497182216655
318	0.76587	0.199123356293048
319	0.76508	0.199749530369442
320	0.76429	0.200375704445835
321	0.7635	0.201001878522228
322	0.76271	0.201628052598621
323	0.76192	0.202254226675015
324	0.76114	0.202880400751408
325	0.76035	0.203506574827801
326	0.75956	0.204132748904194
327	0.75877	0.204758922980587
328	0.75798	0.205385097056981
329	0.75719	0.206011271133374
330	0.75641	0.206637445209767
331	0.75562	0.20726361928616
332	0.75483	0.207889793362554
333	0.75404	0.208515967438947
334	0.75326	0.20914214151534
335	0.75247	0.209768315591733
336	0.75168	0.210394489668127
337	0.75089	0.21102066374452
338	0.7501	0.211646837820913
339	0.74932	0.212273011897306
340	0.74853	0.2128991859737
341	0.74774	0.213525360050093
342	0.74695	0.214151534126486
343	0.74616	0.214777708202879
344	0.74537	0.215403882279272
345	0.74459	0.216030056355666
346	0.7438	0.216656230432059
347	0.74301	0.217282404508452
348	0.74222	0.217908578584845
349	0.74144	0.218534752661239
350	0.74065	0.219160926737632
351	0.73986	0.219787100814025
352	0.73907	0.220413274890418
353	0.73829	0.221039448966812
354	0.7375	0.221665623043205
355	0.73671	0.222291797119598
356	0.73592	0.222917971195991
357	0.73513	0.223544145272384
358	0.73435	0.224170319348778
359	0.73356	0.224796493425171
360	0.73277	0.225422667501564
361	0.73198	0.226048841577957
362	0.7312	0.226675015654351
363	0.73041	0.227301189730744
364	0.72962	0.227927363807137
365	0.72883	0.22855353788353
366	0.72805	0.229179711959924
367	0.72726	0.229805886036317
368	0.72647	0.23043206011271
369	0.72568	0.231058234189103
370	0.7249	0.231684408265496
371	0.72411	0.23231058234189
372	0.72332	0.232936756418283
373	0.72254	0.233562930494676
374	0.72175	0.234189104571069
375	0.72096	0.234815278647463
376	0.72017	0.235441452723856
377	0.71939	0.236067626800249
378	0.7186	0.236693800876642
379	0.71781	0.237319974953036
380	0.71702	0.237946149029429
381	0.71624	0.238572323105822
382	0.71545	0.239198497182215
383	0.71466	0.239824671258608
384	0.71388	0.240450845335002
385	0.71309	0.241077019411395
386	0.71231	0.241703193487788
387	0.71152	0.242329367564181
388	0.71073	0.242955541640575
389	0.70995	0.243581715716968
390	0.70916	0.244207889793361
391	0.70837	0.244834063869754
392	0.70758	0.245460237946148
393	0.7068	0.246086412022541
394	0.70601	0.246712586098934
395	0.70522	0.247338760175327
396	0.70444	0.247964934251721
397	0.70365	0.248591108328114
398	0.70286	0.249217282404507
399	0.70208	0.2498434564809
400	0.70129	0.250469630557293
401	0.70051	0.251095804633687
402	0.69972	0.25172197871008
403	0.69893	0.252348152786473
404	0.69815	0.252974326862866
405	0.69736	0.25360050093926
406	0.69657	0.254226675015653
407	0.69579	0.254852849092046
408	0.695	0.25547902316844
409	0.69421	0.256105197244833
410	0.69343	0.256731371321226
411	0.69264	0.257357545397619
412	0.69186	0.257983719474013
413	0.69107	0.258609893550406
414	0.69029	0.259236067626799
415	0.6895	0.259862241703192
416	0.68871	0.260488415779586
417	0.68793	0.261114589855979
418	0.68714	0.261740763932372
419	0.68635	0.262366938008765
420	0.68557	0.262993112085159
421	0.68478	0.263619286161552
422	0.684	0.264245460237945
423	0.68321	0.264871634314338
424	0.68243	0.265497808390732
425	0.68164	0.266123982467125
426	0.68085	0.266750156543518
427	0.68007	0.267376330619911
428	0.67928	0.268002504696305
429	0.6785	0.268628678772698
430	0.67771	0.269254852849091
431	0.67693	0.269881026925484
432	0.67614	0.270507201001878
433	0.67536	0.271133375078271
434	0.67457	0.271759549154664
435	0.67378	0.272385723231058
436	0.673	0.273011897307451
437	0.67221	0.273638071383844
438	0.67143	0.274264245460237
439	0.67064	0.274890419536631
440	0.66986	0.275516593613024
441	0.66907	0.276142767689417
442	0.66829	0.27676894176581
443	0.6675	0.277395115842204
444	0.66672	0.278021289918597
445	0.66593	0.27864746399499
446	0.66515	0.279273638071383
447	0.66436	0.279899812147777
448	0.66358	0.28052598622417
449	0.66279	0.281152160300563
450	0.66201	0.281778334376956
451	0.66122	0.28240450845335
452	0.66044	0.283030682529743
453	0.65965	0.283656856606136
454	0.65887	0.284283030682529
455	0.65809	0.284909204758923
456	0.6573	0.285535378835316
457	0.65652	0.286161552911709
458	0.65573	0.286787726988103
459	0.65495	0.287413901064496
460	0.65416	0.288040075140889
461	0.65338	0.288666249217282
462	0.65259	0.289292423293676
463	0.65181	0.289918597370069
464	0.65103	0.290544771446462
465	0.65024	0.291170945522855
466	0.64946	0.291797119599249
467	0.64868	0.292423293675642
468	0.64789	0.293049467752035
469	0.64694	0.293675641828428
470	0.64598	0.294301815904822
471	0.64502	0.294927989981215
472	0.64407	0.295554164057608
473	0.64302	0.296180338134001
474	0.64187	0.296806512210395
475	0.64072	0.297432686286788
476	0.63957	0.298058860363181
477	0.63842	0.298685034439574
478	0.63728	0.299311208515968
479	0.63614	0.299937382592361
480	0.635	0.300563556668754
481	0.63385	0.301189730745147
482	0.63271	0.301815904821541
483	0.63157	0.302442078897934
484	0.63043	0.303068252974327
485	0.62929	0.303694427050721
486	0.62815	0.304320601127114
487	0.62702	0.304946775203507
488	0.62589	0.3055729492799
489	0.62475	0.306199123356294
490	0.62362	0.306825297432687
491	0.62249	0.30745147150908
492	0.62135	0.308077645585473
493	0.62021	0.308703819661867
494	0.61907	0.30932999373826
495	0.61793	0.309956167814653
496	0.6168	0.310582341891046
497	0.61566	0.31120851596744
498	0.61452	0.311834690043833
499	0.61338	0.312460864120226
500	0.61224	0.313087038196619
501	0.61109	0.313713212273013
502	0.60993	0.314339386349406
503	0.60878	0.314965560425799
504	0.60763	0.315591734502192
505	0.60649	0.316217908578586
506	0.60535	0.316844082654979
507	0.60421	0.317470256731372
508	0.60307	0.318096430807766
509	0.60193	0.318722604884159
510	0.60078	0.319348778960552
511	0.59964	0.319974953036945
512	0.5985	0.320601127113339
513	0.59737	0.321227301189732
514	0.59624	0.321853475266125
515	0.59512	0.322479649342518
516	0.59399	0.323105823418912
517	0.59285	0.323731997495305
518	0.5917	0.324358171571698
519	0.59055	0.324984345648091
520	0.58939	0.325610519724485
521	0.58826	0.326236693800878
522	0.58714	0.326862867877271
523	0.58601	0.327489041953664
524	0.58489	0.328115216030058
525	0.58377	0.328741390106451
526	0.58265	0.329367564182844
527	0.58153	0.329993738259237
528	0.58041	0.330619912335631
529	0.57929	0.331246086412024
530	0.57817	0.331872260488417
531	0.57705	0.33249843456481
532	0.57594	0.333124608641204
533	0.57482	0.333750782717597
534	0.5737	0.33437695679399
535	0.57259	0.335003130870384
536	0.57147	0.335629304946777
537	0.57036	0.33625547902317
538	0.56925	0.336881653099563
539	0.56815	0.337507827175957
540	0.56704	0.33813400125235
541	0.56594	0.338760175328743
542	0.56484	0.339386349405136
543	0.56373	0.34001252348153
544	0.56262	0.340638697557923
545	0.56152	0.341264871634316
546	0.56042	0.341891045710709
547	0.55931	0.342517219787103
548	0.55821	0.343143393863496
549	0.55711	0.343769567939889
550	0.55601	0.344395742016282
551	0.55492	0.345021916092676
552	0.55383	0.345648090169069
553	0.55274	0.346274264245462
554	0.55165	0.346900438321855
555	0.55057	0.347526612398249
556	0.54949	0.348152786474642
557	0.5484	0.348778960551035
558	0.54731	0.349405134627429
559	0.54622	0.350031308703822
560	0.54514	0.350657482780215
561	0.54405	0.351283656856608
562	0.54297	0.351909830933002
563	0.54189	0.352536005009395
564	0.54082	0.353162179085788
565	0.53975	0.353788353162181
566	0.53868	0.354414527238575
567	0.53761	0.355040701314968
568	0.53655	0.355666875391361
569	0.53548	0.356293049467754
570	0.53442	0.356919223544148
571	0.53336	0.357545397620541
572	0.5323	0.358171571696934
573	0.53124	0.358797745773327
574	0.53018	0.359423919849721
575	0.52911	0.360050093926114
576	0.52803	0.360676268002507
577	0.52696	0.3613024420789
578	0.52588	0.361928616155294
579	0.52482	0.362554790231687
580	0.52375	0.36318096430808
581	0.52268	0.363807138384473
582	0.52162	0.364433312460867
583	0.52055	0.36505948653726
584	0.51949	0.365685660613653
585	0.51842	0.366311834690047
586	0.51736	0.36693800876644
587	0.5163	0.367564182842833
588	0.51524	0.368190356919226
589	0.51418	0.36881653099562
590	0.51312	0.369442705072013
591	0.51205	0.370068879148406
592	0.51097	0.370695053224799
593	0.5099	0.371321227301193
594	0.50886	0.371947401377586
595	0.50784	0.372573575453979
596	0.50682	0.373199749530372
597	0.5058	0.373825923606766
598	0.5048	0.374452097683159
599	0.50383	0.375078271759552
600	0.50284	0.375704445835945
601	0.50187	0.376330619912339
602	0.50088	0.376956793988732
603	0.49989	0.377582968065125
604	0.4989	0.378209142141518
605	0.49792	0.378835316217912
606	0.49693	0.379461490294305
607	0.49594	0.380087664370698
608	0.49496	0.380713838447092
609	0.49397	0.381340012523485
610	0.49299	0.381966186599878
611	0.49201	0.382592360676271
612	0.49102	0.383218534752665
613	0.49004	0.383844708829058
614	0.48906	0.384470882905451
615	0.48808	0.385097056981844
616	0.48711	0.385723231058238
617	0.48613	0.386349405134631
618	0.48515	0.386975579211024
619	0.48417	0.387601753287417
620	0.48319	0.388227927363811
621	0.48221	0.388854101440204
622	0.48123	0.389480275516597
623	0.48026	0.39010644959299
624	0.47929	0.390732623669384
625	0.47832	0.391358797745777
626	0.47735	0.39198497182217
627	0.47639	0.392611145898563
628	0.47543	0.393237319974957
629	0.47447	0.39386349405135
630	0.4735	0.394489668127743
631	0.47252	0.395115842204136
632	0.47153	0.39574201628053
633	0.47054	0.396368190356923
634	0.46956	0.396994364433316
635	0.46859	0.39762053850971
636	0.46763	0.398246712586103
637	0.46666	0.398872886662496
638	0.4657	0.399499060738889
639	0.46474	0.400125234815283
640	0.46377	0.400751408891676
641	0.46281	0.401377582968069
642	0.46184	0.402003757044462
643	0.46087	0.402629931120856
644	0.45991	0.403256105197249
645	0.45895	0.403882279273642
646	0.458	0.404508453350035
647	0.45705	0.405134627426429
648	0.45609	0.405760801502822
649	0.45512	0.406386975579215
650	0.45415	0.407013149655608
651	0.45319	0.407639323732002
652	0.45223	0.408265497808395
653	0.45127	0.408891671884788
654	0.45031	0.409517845961181
655	0.44934	0.410144020037575
656	0.44837	0.410770194113968
657	0.4474	0.411396368190361
658	0.44645	0.412022542266754
659	0.4455	0.412648716343148
660	0.44455	0.413274890419541
661	0.4436	0.413901064495934
662	0.44265	0.414527238572328
663	0.44171	0.415153412648721
664	0.44076	0.415779586725114
665	0.43982	0.416405760801507
666	0.43887	0.417031934877901
667	0.43793	0.417658108954294
668	0.43698	0.418284283030687
669	0.43604	0.41891045710708
670	0.4351	0.419536631183474
671	0.43416	0.420162805259867
672	0.43321	0.42078897933626
673	0.43227	0.421415153412653
674	0.43133	0.422041327489047
675	0.43038	0.42266750156544
676	0.42944	0.423293675641833
677	0.42849	0.423919849718226
678	0.42756	0.42454602379462
679	0.42662	0.425172197871013
680	0.42568	0.425798371947406
681	0.42474	0.426424546023799
682	0.42378	0.427050720100193
683	0.42283	0.427676894176586
684	0.42187	0.428303068252979
685	0.42091	0.428929242329373
686	0.41994	0.429555416405766
687	0.41906	0.430181590482159
688	0.41823	0.430807764558552
689	0.41741	0.431433938634946
690	0.41666	0.432060112711339
691	0.41597	0.432686286787732
692	0.41528	0.433312460864125
693	0.4146	0.433938634940519
694	0.41391	0.434564809016912
695	0.41322	0.435190983093305
696	0.41253	0.435817157169698
697	0.41184	0.436443331246092
698	0.41116	0.437069505322485
699	0.41047	0.437695679398878
700	0.40978	0.438321853475271
701	0.4091	0.438948027551665
702	0.40841	0.439574201628058
703	0.40772	0.440200375704451
704	0.40704	0.440826549780844
705	0.40635	0.441452723857238
706	0.40567	0.442078897933631
707	0.40498	0.442705072010024
708	0.40429	0.443331246086417
709	0.40361	0.443957420162811
710	0.40292	0.444583594239204
711	0.40224	0.445209768315597
712	0.40155	0.445835942391991
713	0.40087	0.446462116468384
714	0.40018	0.447088290544777
715	0.3995	0.44771446462117
716	0.39882	0.448340638697564
717	0.39813	0.448966812773957
718	0.39745	0.44959298685035
719	0.39676	0.450219160926743
720	0.39608	0.450845335003137
721	0.3954	0.45147150907953
722	0.39471	0.452097683155923
723	0.39403	0.452723857232316
724	0.39335	0.45335003130871
725	0.39266	0.453976205385103
726	0.39198	0.454602379461496
727	0.3913	0.455228553537889
728	0.39062	0.455854727614283
729	0.38994	0.456480901690676
730	0.38925	0.457107075767069
731	0.38857	0.457733249843462
732	0.38789	0.458359423919856
733	0.38721	0.458985597996249
734	0.38653	0.459611772072642
735	0.38585	0.460237946149036
736	0.38517	0.460864120225429
737	0.38449	0.461490294301822
738	0.38381	0.462116468378215
739	0.38313	0.462742642454609
740	0.38245	0.463368816531002
741	0.38177	0.463994990607395
742	0.38109	0.464621164683788
743	0.38041	0.465247338760182
744	0.37973	0.465873512836575
745	0.37905	0.466499686912968
746	0.37837	0.467125860989361
747	0.37769	0.467752035065755
748	0.37701	0.468378209142148
749	0.37634	0.469004383218541
750	0.37566	0.469630557294934
751	0.37498	0.470256731371328
752	0.3743	0.470882905447721
753	0.37363	0.471509079524114
754	0.37295	0.472135253600507
755	0.37227	0.472761427676901
756	0.37159	0.473387601753294
757	0.37091	0.474013775829687
758	0.37024	0.47463994990608
759	0.36956	0.475266123982474
760	0.36889	0.475892298058867
761	0.36821	0.47651847213526
762	0.36753	0.477144646211654
763	0.36686	0.477770820288047
764	0.36618	0.47839699436444
765	0.36551	0.479023168440833
766	0.36492	0.479649342517227
767	0.36436	0.48027551659362
768	0.36385	0.480901690670013
769	0.36344	0.481527864746406
770	0.36303	0.4821540388228
771	0.36264	0.482780212899193
772	0.36224	0.483406386975586
773	0.36184	0.484032561051979
774	0.36144	0.484658735128373
775	0.36104	0.485284909204766
776	0.36064	0.485911083281159
777	0.36025	0.486537257357552
778	0.35986	0.487163431433946
779	0.35946	0.487789605510339
780	0.35904	0.488415779586732
781	0.35863	0.489041953663125
782	0.35823	0.489668127739519
783	0.35784	0.490294301815912
784	0.35746	0.490920475892305
785	0.35708	0.491546649968699
786	0.3567	0.492172824045092
787	0.35633	0.492798998121485
788	0.35594	0.493425172197878
789	0.35556	0.494051346274272
790	0.35517	0.494677520350665
791	0.35479	0.495303694427058
792	0.35441	0.495929868503451
793	0.35403	0.496556042579845
794	0.35365	0.497182216656238
795	0.35326	0.497808390732631
796	0.35288	0.498434564809024
797	0.3525	0.499060738885418
798	0.35214	0.499686912961811
799	0.35177	0.500313087038204
800	0.35141	0.500939261114597
801	0.35105	0.501565435190991
802	0.3507	0.502191609267384
803	0.35035	0.502817783343777
804	0.35001	0.50344395742017
805	0.34967	0.504070131496563
806	0.34932	0.504696305572957
807	0.34897	0.50532247964935
808	0.34861	0.505948653725743
809	0.34826	0.506574827802136
810	0.34792	0.507201001878529
811	0.34761	0.507827175954923
812	0.34729	0.508453350031316
813	0.34698	0.509079524107709
814	0.34667	0.509705698184102
815	0.34636	0.510331872260495
816	0.34606	0.510958046336889
817	0.34575	0.511584220413282
818	0.34544	0.512210394489675
819	0.34516	0.512836568566068
820	0.34486	0.513462742642461
821	0.34455	0.514088916718855
822	0.34427	0.514715090795248
823	0.34395	0.515341264871641
824	0.34358	0.515967438948034
825	0.34313	0.516593613024427
826	0.34268	0.517219787100821
827	0.34223	0.517845961177214
828	0.34179	0.518472135253607
829	0.34135	0.51909830933
830	0.3409	0.519724483406393
831	0.34045	0.520350657482787
832	0.34001	0.52097683155918
833	0.33957	0.521603005635573
834	0.33913	0.522229179711966
835	0.33867	0.522855353788359
836	0.33823	0.523481527864753
837	0.33779	0.524107701941146
838	0.33736	0.524733876017539
839	0.33691	0.525360050093932
840	0.33647	0.525986224170325
841	0.33602	0.526612398246719
842	0.33558	0.527238572323112
843	0.33513	0.527864746399505
844	0.33468	0.528490920475898
845	0.33424	0.529117094552292
846	0.33379	0.529743268628685
847	0.33334	0.530369442705078
848	0.33289	0.530995616781471
849	0.33246	0.531621790857864
850	0.33202	0.532247964934258
851	0.33158	0.532874139010651
852	0.33114	0.533500313087044
853	0.3307	0.534126487163437
854	0.33026	0.53475266123983
855	0.32981	0.535378835316224
856	0.32936	0.536005009392617
857	0.32892	0.53663118346901
858	0.32847	0.537257357545403
859	0.32803	0.537883531621796
860	0.3276	0.53850970569819
861	0.32717	0.539135879774583
862	0.32673	0.539762053850976
863	0.3263	0.540388227927369
864	0.32587	0.541014402003762
865	0.32543	0.541640576080156
866	0.325	0.542266750156549
867	0.32457	0.542892924232942
868	0.32414	0.543519098309335
869	0.32371	0.544145272385728
870	0.32329	0.544771446462122
871	0.32285	0.545397620538515
872	0.32242	0.546023794614908
873	0.32199	0.546649968691301
874	0.32155	0.547276142767694
875	0.3211	0.547902316844088
876	0.32065	0.548528490920481
877	0.32021	0.549154664996874
878	0.31976	0.549780839073267
879	0.31933	0.55040701314966
880	0.31888	0.551033187226054
881	0.31844	0.551659361302447
882	0.318	0.55228553537884
883	0.31756	0.552911709455233
884	0.31712	0.553537883531626
885	0.31668	0.55416405760802
886	0.31625	0.554790231684413
887	0.3158	0.555416405760806
888	0.31536	0.556042579837199
889	0.31491	0.556668753913592
890	0.31447	0.557294927989986
891	0.31403	0.557921102066379
892	0.31359	0.558547276142772
893	0.31317	0.559173450219165
894	0.31274	0.559799624295559
895	0.31231	0.560425798371952
896	0.31187	0.561051972448345
897	0.31143	0.561678146524738
898	0.311	0.562304320601131
899	0.31057	0.562930494677525
900	0.31014	0.563556668753918
901	0.3097	0.564182842830311
902	0.30926	0.564809016906704
903	0.30878	0.565435190983097
904	0.30824	0.566061365059491
905	0.30762	0.566687539135884
906	0.30701	0.567313713212277
907	0.3064	0.56793988728867
908	0.30579	0.568566061365063
909	0.30518	0.569192235441457
910	0.30457	0.56981840951785
911	0.30396	0.570444583594243
912	0.30334	0.571070757670636
913	0.30273	0.571696931747029
914	0.30212	0.572323105823423
915	0.30152	0.572949279899816
916	0.30091	0.573575453976209
917	0.3003	0.574201628052602
918	0.29969	0.574827802128995
919	0.29909	0.575453976205389
920	0.29848	0.576080150281782
921	0.29787	0.576706324358175
922	0.29727	0.577332498434568
923	0.29667	0.577958672510961
924	0.29607	0.578584846587355
925	0.29546	0.579211020663748
926	0.29485	0.579837194740141
927	0.29424	0.580463368816534
928	0.29363	0.581089542892927
929	0.29302	0.581715716969321
930	0.29241	0.582341891045714
931	0.2918	0.582968065122107
932	0.29119	0.5835942391985
933	0.29059	0.584220413274893
934	0.28999	0.584846587351287
935	0.28938	0.58547276142768
936	0.28878	0.586098935504073
937	0.28818	0.586725109580466
938	0.28757	0.58735128365686
939	0.28696	0.587977457733253
940	0.28636	0.588603631809646
941	0.28575	0.589229805886039
942	0.28514	0.589855979962432
943	0.28454	0.590482154038826
944	0.28393	0.591108328115219
945	0.28333	0.591734502191612
946	0.28272	0.592360676268005
947	0.28211	0.592986850344398
948	0.2815	0.593613024420792
949	0.2809	0.594239198497185
950	0.2803	0.594865372573578
951	0.27969	0.595491546649971
952	0.27909	0.596117720726364
953	0.27849	0.596743894802758
954	0.2779	0.597370068879151
955	0.2773	0.597996242955544
956	0.27671	0.598622417031937
957	0.27612	0.59924859110833
958	0.27552	0.599874765184724
959	0.27492	0.600500939261117
960	0.27433	0.60112711333751
961	0.27374	0.601753287413903
962	0.27312	0.602379461490296
963	0.27247	0.60300563556669
964	0.2718	0.603631809643083
965	0.27112	0.604257983719476
966	0.27045	0.604884157795869
967	0.26978	0.605510331872262
968	0.26911	0.606136505948656
969	0.26844	0.606762680025049
970	0.26776	0.607388854101442
971	0.26709	0.608015028177835
972	0.26643	0.608641202254228
973	0.26576	0.609267376330622
974	0.26509	0.609893550407015
975	0.26442	0.610519724483408
976	0.26375	0.611145898559801
977	0.26308	0.611772072636194
978	0.26242	0.612398246712588
979	0.26175	0.613024420788981
980	0.26109	0.613650594865374
981	0.26042	0.614276768941767
982	0.25975	0.614902943018161
983	0.25909	0.615529117094554
984	0.25843	0.616155291170947
985	0.25776	0.61678146524734
986	0.2571	0.617407639323733
987	0.25644	0.618033813400127
988	0.25578	0.61865998747652
989	0.25511	0.619286161552913
990	0.25445	0.619912335629306
991	0.25379	0.620538509705699
992	0.25313	0.621164683782093
993	0.25247	0.621790857858486
994	0.25181	0.622417031934879
995	0.25115	0.623043206011272
996	0.2505	0.623669380087665
997	0.24984	0.624295554164059
998	0.24918	0.624921728240452
999	0.24852	0.625547902316845
1000	0.24787	0.626174076393238
1001	0.24721	0.626800250469631
1002	0.24656	0.627426424546025
1003	0.2459	0.628052598622418
1004	0.24525	0.628678772698811
1005	0.2446	0.629304946775204
1006	0.24394	0.629931120851597
1007	0.24329	0.630557294927991
1008	0.24264	0.631183469004384
1009	0.24199	0.631809643080777
1010	0.24133	0.63243581715717
1011	0.24068	0.633061991233563
1012	0.24003	0.633688165309957
1013	0.23938	0.63431433938635
1014	0.23873	0.634940513462743
1015	0.23808	0.635566687539136
1016	0.23744	0.636192861615529
1017	0.23679	0.636819035691923
1018	0.23614	0.637445209768316
1019	0.2355	0.638071383844709
1020	0.23485	0.638697557921102
1021	0.2342	0.639323731997495
1022	0.23356	0.639949906073889
1023	0.23291	0.640576080150282
1024	0.23227	0.641202254226675
1025	0.23163	0.641828428303068
1026	0.23099	0.642454602379462
1027	0.23034	0.643080776455855
1028	0.2297	0.643706950532248
1029	0.22906	0.644333124608641
1030	0.22842	0.644959298685034
1031	0.22778	0.645585472761428
1032	0.22714	0.646211646837821
1033	0.2265	0.646837820914214
1034	0.22586	0.647463994990607
1035	0.22522	0.648090169067
1036	0.22458	0.648716343143394
1037	0.22395	0.649342517219787
1038	0.22331	0.64996869129618
1039	0.22267	0.650594865372573
1040	0.22204	0.651221039448966
1041	0.2214	0.65184721352536
1042	0.22077	0.652473387601753
1043	0.22013	0.653099561678146
1044	0.2195	0.653725735754539
1045	0.21887	0.654351909830932
1046	0.21823	0.654978083907326
1047	0.2176	0.655604257983719
1048	0.21697	0.656230432060112
1049	0.21634	0.656856606136505
1050	0.21571	0.657482780212898
1051	0.21508	0.658108954289292
1052	0.21445	0.658735128365685
1053	0.21382	0.659361302442078
1054	0.21319	0.659987476518471
1055	0.21256	0.660613650594864
1056	0.21193	0.661239824671258
1057	0.21131	0.661865998747651
1058	0.21068	0.662492172824044
1059	0.21006	0.663118346900437
1060	0.20943	0.66374452097683
1061	0.20881	0.664370695053224
1062	0.20819	0.664996869129617
1063	0.20756	0.66562304320601
1064	0.20694	0.666249217282403
1065	0.20632	0.666875391358796
1066	0.2057	0.66750156543519
1067	0.20508	0.668127739511583
1068	0.20446	0.668753913587976
1069	0.20384	0.669380087664369
1070	0.20322	0.670006261740762
1071	0.2026	0.670632435817156
1072	0.20199	0.671258609893549
1073	0.20137	0.671884783969942
1074	0.20075	0.672510958046335
1075	0.20014	0.673137132122729
1076	0.19952	0.673763306199122
1077	0.19891	0.674389480275515
1078	0.19829	0.675015654351908
1079	0.19768	0.675641828428301
1080	0.19707	0.676268002504695
1081	0.19646	0.676894176581088
1082	0.19584	0.677520350657481
1083	0.19523	0.678146524733874
1084	0.19462	0.678772698810267
1085	0.19401	0.679398872886661
1086	0.19341	0.680025046963054
1087	0.1928	0.680651221039447
1088	0.19219	0.68127739511584
1089	0.19158	0.681903569192233
1090	0.19097	0.682529743268627
1091	0.19037	0.68315591734502
1092	0.18976	0.683782091421413
1093	0.18916	0.684408265497806
1094	0.18855	0.685034439574199
1095	0.18795	0.685660613650593
1096	0.18735	0.686286787726986
1097	0.18674	0.686912961803379
1098	0.18614	0.687539135879772
1099	0.18554	0.688165309956165
1100	0.18494	0.688791484032559
1101	0.18434	0.689417658108952
1102	0.18374	0.690043832185345
1103	0.18314	0.690670006261738
1104	0.18254	0.691296180338131
1105	0.18195	0.691922354414525
1106	0.18135	0.692548528490918
1107	0.18075	0.693174702567311
1108	0.18016	0.693800876643704
1109	0.17956	0.694427050720097
1110	0.17897	0.695053224796491
1111	0.17837	0.695679398872884
1112	0.17778	0.696305572949277
1113	0.17718	0.69693174702567
1114	0.17659	0.697557921102063
1115	0.176	0.698184095178457
1116	0.17541	0.69881026925485
1117	0.17482	0.699436443331243
1118	0.17423	0.700062617407636
1119	0.17364	0.70068879148403
1120	0.17305	0.701314965560423
1121	0.17247	0.701941139636816
1122	0.17188	0.702567313713209
1123	0.17129	0.703193487789602
1124	0.17071	0.703819661865996
1125	0.17012	0.704445835942389
1126	0.16954	0.705072010018782
1127	0.16895	0.705698184095175
1128	0.16837	0.706324358171568
1129	0.16779	0.706950532247962
1130	0.16721	0.707576706324355
1131	0.16663	0.708202880400748
1132	0.16605	0.708829054477141
1133	0.16547	0.709455228553534
1134	0.16489	0.710081402629928
1135	0.16431	0.710707576706321
1136	0.16373	0.711333750782714
1137	0.16315	0.711959924859107
1138	0.16258	0.7125860989355
1139	0.162	0.713212273011894
1140	0.16142	0.713838447088287
1141	0.16085	0.71446462116468
1142	0.16028	0.715090795241073
1143	0.1597	0.715716969317466
1144	0.15913	0.71634314339386
1145	0.15856	0.716969317470253
1146	0.15799	0.717595491546646
1147	0.15742	0.718221665623039
1148	0.15685	0.718847839699432
1149	0.15628	0.719474013775826
1150	0.15571	0.720100187852219
1151	0.15514	0.720726361928612
1152	0.15457	0.721352536005005
1153	0.154	0.721978710081398
1154	0.15344	0.722604884157792
1155	0.15287	0.723231058234185
1156	0.15231	0.723857232310578
1157	0.15174	0.724483406386971
1158	0.15118	0.725109580463364
1159	0.15061	0.725735754539758
1160	0.15005	0.726361928616151
1161	0.14949	0.726988102692544
1162	0.14893	0.727614276768937
1163	0.14837	0.728240450845331
1164	0.14781	0.728866624921724
1165	0.14725	0.729492798998117
1166	0.1467	0.73011897307451
1167	0.14614	0.730745147150903
1168	0.14558	0.731371321227297
1169	0.14503	0.73199749530369
1170	0.14447	0.732623669380083
1171	0.14392	0.733249843456476
1172	0.14337	0.733876017532869
1173	0.14281	0.734502191609263
1174	0.14226	0.735128365685656
1175	0.14171	0.735754539762049
1176	0.14116	0.736380713838442
1177	0.14061	0.737006887914835
1178	0.14006	0.737633061991229
1179	0.13952	0.738259236067622
1180	0.13897	0.738885410144015
1181	0.13842	0.739511584220408
1182	0.13788	0.740137758296801
1183	0.13733	0.740763932373195
1184	0.13679	0.741390106449588
1185	0.13624	0.742016280525981
1186	0.1357	0.742642454602374
1187	0.13516	0.743268628678767
1188	0.13462	0.743894802755161
1189	0.13408	0.744520976831554
1190	0.13354	0.745147150907947
1191	0.133	0.74577332498434
1192	0.13246	0.746399499060733
1193	0.13193	0.747025673137127
1194	0.13139	0.74765184721352
1195	0.13085	0.748278021289913
1196	0.13032	0.748904195366306
1197	0.12979	0.749530369442699
1198	0.12925	0.750156543519093
1199	0.12872	0.750782717595486
1200	0.12819	0.751408891671879
1201	0.12766	0.752035065748272
1202	0.12713	0.752661239824665
1203	0.1266	0.753287413901059
1204	0.12607	0.753913587977452
1205	0.12554	0.754539762053845
1206	0.12501	0.755165936130238
1207	0.12449	0.755792110206632
1208	0.12396	0.756418284283025
1209	0.12344	0.757044458359418
1210	0.12291	0.757670632435811
1211	0.12239	0.758296806512204
1212	0.12187	0.758922980588598
1213	0.12135	0.759549154664991
1214	0.12083	0.760175328741384
1215	0.12031	0.760801502817777
1216	0.11979	0.76142767689417
1217	0.11927	0.762053850970564
1218	0.11875	0.762680025046957
1219	0.11823	0.76330619912335
1220	0.11772	0.763932373199743
1221	0.1172	0.764558547276136
1222	0.11669	0.76518472135253
1223	0.11618	0.765810895428923
1224	0.11566	0.766437069505316
1225	0.11515	0.767063243581709
1226	0.11464	0.767689417658102
1227	0.11413	0.768315591734496
1228	0.11362	0.768941765810889
1229	0.11311	0.769567939887282
1230	0.11261	0.770194113963675
1231	0.1121	0.770820288040068
1232	0.11159	0.771446462116462
1233	0.11109	0.772072636192855
1234	0.11059	0.772698810269248
1235	0.11008	0.773324984345641
1236	0.10958	0.773951158422034
1237	0.10908	0.774577332498428
1238	0.10858	0.775203506574821
1239	0.10808	0.775829680651214
1240	0.10758	0.776455854727607
1241	0.10709	0.777082028804
1242	0.10659	0.777708202880394
1243	0.10609	0.778334376956787
1244	0.1056	0.77896055103318
1245	0.1051	0.779586725109573
1246	0.10461	0.780212899185966
1247	0.10412	0.78083907326236
1248	0.10363	0.781465247338753
1249	0.10314	0.782091421415146
1250	0.10265	0.782717595491539
1251	0.10216	0.783343769567933
1252	0.10167	0.783969943644326
1253	0.10118	0.784596117720719
1254	0.10069	0.785222291797112
1255	0.10021	0.785848465873505
1256	0.099725	0.786474639949899
1257	0.099241	0.787100814026292
1258	0.098758	0.787726988102685
1259	0.098276	0.788353162179078
1260	0.097795	0.788979336255471
1261	0.097315	0.789605510331865
1262	0.096835	0.790231684408258
1263	0.096357	0.790857858484651
1264	0.09588	0.791484032561044
1265	0.095404	0.792110206637437
1266	0.094928	0.792736380713831
1267	0.094454	0.793362554790224
1268	0.093981	0.793988728866617
1269	0.093509	0.79461490294301
1270	0.093037	0.795241077019403
1271	0.092566	0.795867251095797
1272	0.092097	0.79649342517219
1273	0.091629	0.797119599248583
1274	0.091161	0.797745773324976
1275	0.090695	0.798371947401369
1276	0.09023	0.798998121477763
1277	0.089765	0.799624295554156
1278	0.089302	0.800250469630549
1279	0.08884	0.800876643706942
1280	0.088379	0.801502817783335
1281	0.087919	0.802128991859729
1282	0.087459	0.802755165936122
1283	0.087	0.803381340012515
1284	0.086543	0.804007514088908
1285	0.086086	0.804633688165301
1286	0.085631	0.805259862241695
1287	0.085176	0.805886036318088
1288	0.084723	0.806512210394481
1289	0.08427	0.807138384470874
1290	0.083819	0.807764558547267
1291	0.083369	0.808390732623661
1292	0.082919	0.809016906700054
1293	0.082471	0.809643080776447
1294	0.082024	0.81026925485284
1295	0.081577	0.810895428929233
1296	0.081132	0.811521603005627
1297	0.080687	0.81214777708202
1298	0.080244	0.812773951158413
1299	0.079801	0.813400125234806
1300	0.07936	0.8140262993112
1301	0.078919	0.814652473387593
1302	0.078479	0.815278647463986
1303	0.078039	0.815904821540379
1304	0.077601	0.816530995616772
1305	0.077164	0.817157169693166
1306	0.076729	0.817783343769559
1307	0.076295	0.818409517845952
1308	0.075861	0.819035691922345
1309	0.075428	0.819661865998738
1310	0.074996	0.820288040075132
1311	0.074565	0.820914214151525
1312	0.074135	0.821540388227918
1313	0.073706	0.822166562304311
1314	0.073279	0.822792736380704
1315	0.072852	0.823418910457098
1316	0.072427	0.824045084533491
1317	0.072003	0.824671258609884
1318	0.071579	0.825297432686277
1319	0.071157	0.82592360676267
1320	0.070736	0.826549780839064
1321	0.070316	0.827175954915457
1322	0.069897	0.82780212899185
1323	0.069479	0.828428303068243
1324	0.069061	0.829054477144636
1325	0.068645	0.82968065122103
1326	0.06823	0.830306825297423
1327	0.067816	0.830932999373816
1328	0.067403	0.831559173450209
1329	0.066991	0.832185347526602
1330	0.06658	0.832811521602996
1331	0.06617	0.833437695679389
1332	0.065761	0.834063869755782
1333	0.065353	0.834690043832175
1334	0.064947	0.835316217908568
1335	0.064541	0.835942391984962
1336	0.064137	0.836568566061355
1337	0.063735	0.837194740137748
1338	0.063333	0.837820914214141
1339	0.062933	0.838447088290534
1340	0.062534	0.839073262366928
1341	0.062137	0.839699436443321
1342	0.06174	0.840325610519714
1343	0.061344	0.840951784596107
1344	0.060949	0.841577958672501
1345	0.060555	0.842204132748894
1346	0.060162	0.842830306825287
1347	0.059771	0.84345648090168
1348	0.05938	0.844082654978073
1349	0.058991	0.844708829054467
1350	0.058602	0.84533500313086
1351	0.058215	0.845961177207253
1352	0.057829	0.846587351283646
1353	0.057444	0.847213525360039
1354	0.057061	0.847839699436433
1355	0.056678	0.848465873512826
1356	0.056297	0.849092047589219
1357	0.055917	0.849718221665612
1358	0.055538	0.850344395742005
1359	0.05516	0.850970569818399
1360	0.054784	0.851596743894792
1361	0.054408	0.852222917971185
1362	0.054034	0.852849092047578
1363	0.053662	0.853475266123971
1364	0.05329	0.854101440200365
1365	0.052919	0.854727614276758
1366	0.05255	0.855353788353151
1367	0.052182	0.855979962429544
1368	0.051815	0.856606136505937
1369	0.05145	0.857232310582331
1370	0.051086	0.857858484658724
1371	0.050723	0.858484658735117
1372	0.050361	0.85911083281151
1373	0.05	0.859737006887903
1374	0.049639	0.860363180964297
1375	0.049281	0.86098935504069
1376	0.048924	0.861615529117083
1377	0.048568	0.862241703193476
1378	0.048213	0.862867877269869
1379	0.04786	0.863494051346263
1380	0.047508	0.864120225422656
1381	0.047157	0.864746399499049
1382	0.046807	0.865372573575442
1383	0.046458	0.865998747651835
1384	0.046111	0.866624921728229
1385	0.045764	0.867251095804622
1386	0.045419	0.867877269881015
1387	0.045074	0.868503443957408
1388	0.044731	0.869129618033802
1389	0.044389	0.869755792110195
1390	0.044048	0.870381966186588
1391	0.043708	0.871008140262981
1392	0.04337	0.871634314339374
1393	0.043033	0.872260488415768
1394	0.042698	0.872886662492161
1395	0.042363	0.873512836568554
1396	0.04203	0.874139010644947
1397	0.041698	0.87476518472134
1398	0.041368	0.875391358797734
1399	0.041039	0.876017532874127
1400	0.040711	0.87664370695052
1401	0.040384	0.877269881026913
1402	0.040059	0.877896055103306
1403	0.039735	0.8785222291797
1404	0.039412	0.879148403256093
1405	0.03909	0.879774577332486
1406	0.038769	0.880400751408879
1407	0.03845	0.881026925485272
1408	0.038132	0.881653099561666
1409	0.037815	0.882279273638059
1410	0.037499	0.882905447714452
1411	0.037185	0.883531621790845
1412	0.036872	0.884157795867238
1413	0.03656	0.884783969943632
1414	0.03625	0.885410144020025
1415	0.035942	0.886036318096418
1416	0.035635	0.886662492172811
1417	0.035329	0.887288666249204
1418	0.035025	0.887914840325598
1419	0.034723	0.888541014401991
1420	0.034423	0.889167188478384
1421	0.034124	0.889793362554777
1422	0.033827	0.89041953663117
1423	0.033532	0.891045710707564
1424	0.033238	0.891671884783957
1425	0.032945	0.89229805886035
1426	0.032655	0.892924232936743
1427	0.032365	0.893550407013136
1428	0.032077	0.89417658108953
1429	0.03179	0.894802755165923
1430	0.031504	0.895428929242316
1431	0.03122	0.896055103318709
1432	0.030937	0.896681277395103
1433	0.030656	0.897307451471496
1434	0.030375	0.897933625547889
1435	0.030096	0.898559799624282
1436	0.029819	0.899185973700675
1437	0.029543	0.899812147777069
1438	0.029268	0.900438321853462
1439	0.028995	0.901064495929855
1440	0.028723	0.901690670006248
1441	0.028453	0.902316844082641
1442	0.028185	0.902943018159035
1443	0.027918	0.903569192235428
1444	0.027652	0.904195366311821
1445	0.027387	0.904821540388214
1446	0.027123	0.905447714464607
1447	0.026862	0.906073888541001
1448	0.026602	0.906700062617394
1449	0.026343	0.907326236693787
1450	0.026086	0.90795241077018
1451	0.025831	0.908578584846573
1452	0.025577	0.909204758922967
1453	0.025324	0.90983093299936
1454	0.025073	0.910457107075753
1455	0.024823	0.911083281152146
1456	0.024575	0.911709455228539
1457	0.024329	0.912335629304933
1458	0.024084	0.912961803381326
1459	0.02384	0.913587977457719
1460	0.023598	0.914214151534112
1461	0.023358	0.914840325610505
1462	0.023118	0.915466499686899
1463	0.02288	0.916092673763292
1464	0.022644	0.916718847839685
1465	0.022409	0.917345021916078
1466	0.022177	0.917971195992471
1467	0.021946	0.918597370068865
1468	0.021716	0.919223544145258
1469	0.021488	0.919849718221651
1470	0.021261	0.920475892298044
1471	0.021036	0.921102066374437
1472	0.020812	0.921728240450831
1473	0.020591	0.922354414527224
1474	0.020371	0.922980588603617
1475	0.020152	0.92360676268001
1476	0.019936	0.924232936756404
1477	0.01972	0.924859110832797
1478	0.019506	0.92548528490919
1479	0.019294	0.926111458985583
1480	0.019084	0.926737633061976
1481	0.018875	0.92736380713837
1482	0.018668	0.927989981214763
1483	0.018462	0.928616155291156
1484	0.018257	0.929242329367549
1485	0.018054	0.929868503443942
1486	0.017853	0.930494677520336
1487	0.017654	0.931120851596729
1488	0.017456	0.931747025673122
1489	0.01726	0.932373199749515
1490	0.017066	0.932999373825908
1491	0.016873	0.933625547902302
1492	0.016681	0.934251721978695
1493	0.01649	0.934877896055088
1494	0.016301	0.935504070131481
1495	0.016115	0.936130244207874
1496	0.015929	0.936756418284268
1497	0.015746	0.937382592360661
1498	0.015564	0.938008766437054
1499	0.015383	0.938634940513447
1500	0.015204	0.93926111458984
1501	0.015026	0.939887288666234
1502	0.01485	0.940513462742627
1503	0.014675	0.94113963681902
1504	0.014502	0.941765810895413
1505	0.01433	0.942391984971806
1506	0.01416	0.9430181590482
1507	0.013991	0.943644333124593
1508	0.013824	0.944270507200986
1509	0.013659	0.944896681277379
1510	0.013495	0.945522855353772
1511	0.013335	0.946149029430166
1512	0.013176	0.946775203506559
1513	0.013019	0.947401377582952
1514	0.012863	0.948027551659345
1515	0.012709	0.948653725735738
1516	0.012555	0.949279899812132
1517	0.012404	0.949906073888525
1518	0.012254	0.950532247964918
1519	0.012105	0.951158422041311
1520	0.011958	0.951784596117704
1521	0.011812	0.952410770194098
1522	0.011668	0.953036944270491
1523	0.011525	0.953663118346884
1524	0.011385	0.954289292423277
1525	0.011247	0.954915466499671
1526	0.011112	0.955541640576064
1527	0.010978	0.956167814652457
1528	0.010845	0.95679398872885
1529	0.010714	0.957420162805243
1530	0.010585	0.958046336881637
1531	0.010458	0.95867251095803
1532	0.010332	0.959298685034423
1533	0.010207	0.959924859110816
1534	0.010085	0.960551033187209
1535	0.009964	0.961177207263603
1536	0.009845	0.961803381339996
1537	0.009728	0.962429555416389
1538	0.009612	0.963055729492782
1539	0.009498	0.963681903569175
1540	0.009385	0.964308077645569
1541	0.009273	0.964934251721962
1542	0.009164	0.965560425798355
1543	0.009055	0.966186599874748
1544	0.008948	0.966812773951141
1545	0.008842	0.967438948027535
1546	0.008739	0.968065122103928
1547	0.008639	0.968691296180321
1548	0.008541	0.969317470256714
1549	0.008444	0.969943644333107
1550	0.008349	0.970569818409501
1551	0.008256	0.971195992485894
1552	0.008165	0.971822166562287
1553	0.008075	0.97244834063868
1554	0.007987	0.973074514715073
1555	0.007902	0.973700688791467
1556	0.007818	0.97432686286786
1557	0.007736	0.974953036944253
1558	0.007655	0.975579211020646
1559	0.007575	0.976205385097039
1560	0.007498	0.976831559173433
1561	0.007423	0.977457733249826
1562	0.00735	0.978083907326219
1563	0.007278	0.978710081402612
1564	0.007208	0.979336255479005
1565	0.007139	0.979962429555399
1566	0.007072	0.980588603631792
1567	0.007007	0.981214777708185
1568	0.006944	0.981840951784578
1569	0.006882	0.982467125860972
1570	0.006823	0.983093299937365
1571	0.006765	0.983719474013758
1572	0.006709	0.984345648090151
1573	0.006655	0.984971822166544
1574	0.006601	0.985597996242938
1575	0.00655	0.986224170319331
1576	0.006501	0.986850344395724
1577	0.006453	0.987476518472117
1578	0.006407	0.98810269254851
1579	0.006363	0.988728866624904
1580	0.006321	0.989355040701297
1581	0.00628	0.98998121477769
1582	0.006241	0.990607388854083
1583	0.006203	0.991233562930476
1584	0.006167	0.99185973700687
1585	0.006133	0.992485911083263
1586	0.006101	0.993112085159656
1587	0.00607	0.993738259236049
1588	0.006041	0.994364433312442
1589	0.006014	0.994990607388836
1590	0.005988	0.995616781465229
1591	0.005964	0.996242955541622
1592	0.005942	0.996869129618015
1593	0.005922	0.997495303694408
1594	0.005903	0.998121477770802
1595	0.005887	0.998747651847195
1596	0.005871	0.999373825923588
1597	0.005858	0.999999999999981
