#Depth	LID [m]	uncertainty %
		
1.800000000000000000e+01	89.6325	0.2
1.900000000000000000e+01	89.6507	0.2
2.000000000000000000e+01	89.6603	0.2
2.100000000000000000e+01	89.6628	0.2
2.200000000000000000e+01	89.7	0.2
2.300000000000000000e+01	89.7177	0.2
2.400000000000000000e+01	89.7194	0.2
2.500000000000000000e+01	89.7274	0.2
2.600000000000000000e+01	89.7375	0.2
2.700000000000000000e+01	89.7437	0.2
2.800000000000000000e+01	89.7411	0.2
2.900000000000000000e+01	89.7527	0.2
3.000000000000000000e+01	89.7598	0.2
3.100000000000000000e+01	89.7419	0.2
3.200000000000000000e+01	89.7371	0.2
3.300000000000000000e+01	89.7188	0.2
3.400000000000000000e+01	89.7057	0.2
3.500000000000000000e+01	89.6959	0.2
3.600000000000000000e+01	89.6861	0.2
3.700000000000000000e+01	89.637	0.2
3.800000000000000000e+01	89.6089	0.2
3.900000000000000000e+01	89.615	0.2
4.000000000000000000e+01	89.6268	0.2
4.100000000000000000e+01	89.6136	0.2
4.200000000000000000e+01	89.6172	0.2
4.300000000000000000e+01	89.6231	0.2
4.400000000000000000e+01	89.6204	0.2
4.500000000000000000e+01	89.6273	0.2
4.600000000000000000e+01	89.6296	0.2
4.700000000000000000e+01	89.6077	0.2
4.800000000000000000e+01	89.6234	0.2
4.900000000000000000e+01	89.6311	0.2
5.000000000000000000e+01	89.652	0.2
5.100000000000000000e+01	89.6704	0.2
5.200000000000000000e+01	89.6827	0.2
5.300000000000000000e+01	89.7013	0.2
5.400000000000000000e+01	89.7003	0.2
5.500000000000000000e+01	89.6965	0.2
5.600000000000000000e+01	89.7252	0.2
5.700000000000000000e+01	89.7173	0.2
5.800000000000000000e+01	89.7213	0.2
5.900000000000000000e+01	89.7138	0.2
6.000000000000000000e+01	89.7168	0.2
6.100000000000000000e+01	89.6851	0.2
6.200000000000000000e+01	89.7034	0.2
6.300000000000000000e+01	89.7113	0.2
6.400000000000000000e+01	89.6956	0.2
6.500000000000000000e+01	89.6841	0.2
6.600000000000000000e+01	89.6862	0.2
6.700000000000000000e+01	89.6847	0.2
6.800000000000000000e+01	89.6762	0.2
6.900000000000000000e+01	89.6626	0.2
7.000000000000000000e+01	89.6524	0.2
7.100000000000000000e+01	89.6679	0.2
7.200000000000000000e+01	89.677	0.2
7.300000000000000000e+01	89.6852	0.2
7.400000000000000000e+01	89.7151	0.2
7.500000000000000000e+01	89.7238	0.2
7.600000000000000000e+01	89.7194	0.2
7.700000000000000000e+01	89.741	0.2
7.800000000000000000e+01	89.7419	0.2
7.900000000000000000e+01	89.765	0.2
8.000000000000000000e+01	89.7935	0.2
8.100000000000000000e+01	89.7965	0.2
8.200000000000000000e+01	89.816	0.2
8.300000000000000000e+01	89.8259	0.2
8.400000000000000000e+01	89.8368	0.2
8.500000000000000000e+01	89.8143	0.2
8.600000000000000000e+01	89.8147	0.2
8.700000000000000000e+01	89.8155	0.2
8.800000000000000000e+01	89.8192	0.2
8.900000000000000000e+01	89.8407	0.2
9.000000000000000000e+01	89.8295	0.2
9.100000000000000000e+01	89.8094	0.2
9.200000000000000000e+01	89.7867	0.2
9.300000000000000000e+01	89.7658	0.2
9.400000000000000000e+01	89.7694	0.2
9.500000000000000000e+01	89.7864	0.2
9.600000000000000000e+01	89.7701	0.2
9.700000000000000000e+01	89.7592	0.2
9.800000000000000000e+01	89.7535	0.2
9.900000000000000000e+01	89.7347	0.2
1.000000000000000000e+02	89.7214	0.2
1.010000000000000000e+02	89.717	0.2
1.020000000000000000e+02	89.7141	0.2
1.030000000000000000e+02	89.7305	0.2
1.040000000000000000e+02	89.7476	0.2
1.050000000000000000e+02	89.7649	0.2
1.060000000000000000e+02	89.7524	0.2
1.070000000000000000e+02	89.732	0.2
1.080000000000000000e+02	89.7296	0.2
1.090000000000000000e+02	89.7189	0.2
1.100000000000000000e+02	89.7248	0.2
1.110000000000000000e+02	89.7278	0.2
1.120000000000000000e+02	89.7312	0.2
1.130000000000000000e+02	89.7228	0.2
1.140000000000000000e+02	89.6929	0.2
1.150000000000000000e+02	89.6848	0.2
1.160000000000000000e+02	89.6633	0.2
1.170000000000000000e+02	89.6688	0.2
1.180000000000000000e+02	89.686	0.2
1.190000000000000000e+02	89.6803	0.2
1.200000000000000000e+02	89.6495	0.2
1.210000000000000000e+02	89.6415	0.2
1.220000000000000000e+02	89.6554	0.2
1.230000000000000000e+02	89.6668	0.2
1.240000000000000000e+02	89.676	0.2
1.250000000000000000e+02	89.693	0.2
1.260000000000000000e+02	89.6991	0.2
1.270000000000000000e+02	89.7092	0.2
1.280000000000000000e+02	89.7363	0.2
1.290000000000000000e+02	89.7339	0.2
1.300000000000000000e+02	89.7139	0.2
1.310000000000000000e+02	89.7391	0.2
1.320000000000000000e+02	89.7448	0.2
1.330000000000000000e+02	89.7548	0.2
1.340000000000000000e+02	89.7734	0.2
1.350000000000000000e+02	89.7783	0.2
1.360000000000000000e+02	89.7888	0.2
1.370000000000000000e+02	89.7763	0.2
1.380000000000000000e+02	89.7753	0.2
1.390000000000000000e+02	89.79	0.2
1.400000000000000000e+02	89.7897	0.2
1.410000000000000000e+02	89.8083	0.2
1.420000000000000000e+02	89.8102	0.2
1.430000000000000000e+02	89.8119	0.2
1.440000000000000000e+02	89.7957	0.2
1.450000000000000000e+02	89.7991	0.2
1.460000000000000000e+02	89.8091	0.2
1.470000000000000000e+02	89.8188	0.2
1.480000000000000000e+02	89.7976	0.2
1.490000000000000000e+02	89.8029	0.2
1.500000000000000000e+02	89.7933	0.2
1.510000000000000000e+02	89.7762	0.2
1.520000000000000000e+02	89.7549	0.2
1.530000000000000000e+02	89.7293	0.2
1.540000000000000000e+02	89.7346	0.2
1.550000000000000000e+02	89.7416	0.2
1.560000000000000000e+02	89.7378	0.2
1.570000000000000000e+02	89.7485	0.2
1.580000000000000000e+02	89.7531	0.2
1.590000000000000000e+02	89.7413	0.2
1.600000000000000000e+02	89.7426	0.2
1.610000000000000000e+02	89.7457	0.2
1.620000000000000000e+02	89.7623	0.2
1.630000000000000000e+02	89.7882	0.2
1.640000000000000000e+02	89.7951	0.2
1.650000000000000000e+02	89.8047	0.2
1.660000000000000000e+02	89.8019	0.2
1.670000000000000000e+02	89.8023	0.2
1.680000000000000000e+02	89.7919	0.2
1.690000000000000000e+02	89.7961	0.2
1.700000000000000000e+02	89.8191	0.2
1.710000000000000000e+02	89.8446	0.2
1.720000000000000000e+02	89.8409	0.2
1.730000000000000000e+02	89.8356	0.2
1.740000000000000000e+02	89.8184	0.2
1.750000000000000000e+02	89.7871	0.2
1.760000000000000000e+02	89.7933	0.2
1.770000000000000000e+02	89.807	0.2
1.780000000000000000e+02	89.813	0.2
1.790000000000000000e+02	89.8004	0.2
1.800000000000000000e+02	89.7897	0.2
1.810000000000000000e+02	89.78	0.2
1.820000000000000000e+02	89.7736	0.2
1.830000000000000000e+02	89.7594	0.2
1.840000000000000000e+02	89.7593	0.2
1.850000000000000000e+02	89.76	0.2
1.860000000000000000e+02	89.7712	0.2
1.870000000000000000e+02	89.7832	0.2
1.880000000000000000e+02	89.8208	0.2
1.890000000000000000e+02	89.8696	0.2
1.900000000000000000e+02	89.9423	0.2
1.910000000000000000e+02	90.018	0.2
1.920000000000000000e+02	89.9016	0.2
1.930000000000000000e+02	89.6761	0.2
1.940000000000000000e+02	89.4036	0.2
1.950000000000000000e+02	89.3643	0.2
1.960000000000000000e+02	89.4976	0.2
1.970000000000000000e+02	89.6365	0.2
1.980000000000000000e+02	89.595	0.2
1.990000000000000000e+02	89.3732	0.2
2.000000000000000000e+02	89.1148	0.2
2.010000000000000000e+02	89.0559	0.2
2.020000000000000000e+02	89.0182	0.2
2.030000000000000000e+02	88.9573	0.2
2.040000000000000000e+02	88.8702	0.2
2.050000000000000000e+02	88.7869	0.2
2.060000000000000000e+02	88.6772	0.2
2.070000000000000000e+02	88.374	0.2
2.080000000000000000e+02	87.9859	0.2
2.090000000000000000e+02	87.8168	0.2
2.100000000000000000e+02	88.0424	0.2
2.110000000000000000e+02	88.4137	0.2
2.120000000000000000e+02	88.8204	0.2
2.130000000000000000e+02	89.113	0.2
2.140000000000000000e+02	89.0308	0.2
2.150000000000000000e+02	88.9494	0.2
2.160000000000000000e+02	88.8567	0.2
2.170000000000000000e+02	88.9619	0.2
2.180000000000000000e+02	89.1817	0.2
2.190000000000000000e+02	89.471	0.2
2.200000000000000000e+02	89.4343	0.2
2.210000000000000000e+02	89.3648	0.2
2.220000000000000000e+02	89.2859	0.2
2.230000000000000000e+02	89.2622	0.2
2.240000000000000000e+02	89.3602	0.2
2.250000000000000000e+02	89.5291	0.2
2.260000000000000000e+02	89.4995	0.2
2.270000000000000000e+02	89.429	0.2
2.280000000000000000e+02	89.3055	0.2
2.290000000000000000e+02	89.1107	0.2
2.300000000000000000e+02	88.8498	0.2
2.310000000000000000e+02	88.6099	0.2
2.320000000000000000e+02	88.6128	0.2
2.330000000000000000e+02	88.9957	0.2
2.340000000000000000e+02	89.441	0.2
2.350000000000000000e+02	89.5545	0.2
2.360000000000000000e+02	89.4515	0.2
2.370000000000000000e+02	89.2822	0.2
2.380000000000000000e+02	89.1399	0.2
2.390000000000000000e+02	89.3756	0.2
2.400000000000000000e+02	89.6522	0.2
2.410000000000000000e+02	89.9276	0.2
2.420000000000000000e+02	89.8289	0.2
2.430000000000000000e+02	89.7243	0.2
2.440000000000000000e+02	89.7949	0.2
2.450000000000000000e+02	90.0827	0.2
2.460000000000000000e+02	90.3391	0.2
2.470000000000000000e+02	90.508	0.2
2.480000000000000000e+02	90.4861	0.2
2.490000000000000000e+02	90.4336	0.2
2.500000000000000000e+02	90.4661	0.2
2.510000000000000000e+02	90.513	0.2
2.520000000000000000e+02	90.473	0.2
2.530000000000000000e+02	90.3639	0.2
2.540000000000000000e+02	90.3413	0.2
2.550000000000000000e+02	90.2982	0.2
2.560000000000000000e+02	89.9737	0.2
2.570000000000000000e+02	89.7735	0.2
2.580000000000000000e+02	89.5703	0.2
2.590000000000000000e+02	88.9328	0.2
2.600000000000000000e+02	88.4419	0.2
2.610000000000000000e+02	88.205	0.2
2.620000000000000000e+02	88.1068	0.2
2.630000000000000000e+02	87.9932	0.2
2.640000000000000000e+02	87.8486	0.2
2.650000000000000000e+02	87.6409	0.2
2.660000000000000000e+02	87.3595	0.2
2.670000000000000000e+02	87.167	0.2
2.680000000000000000e+02	86.9769	0.2
2.690000000000000000e+02	86.8224	0.2
2.700000000000000000e+02	86.7659	0.2
2.710000000000000000e+02	86.8482	0.2
2.720000000000000000e+02	87.0051	0.2
2.730000000000000000e+02	87.1251	0.2
2.740000000000000000e+02	87.3704	0.2
2.750000000000000000e+02	87.7077	0.2
2.760000000000000000e+02	88.1403	0.2
2.770000000000000000e+02	88.4501	0.2
2.780000000000000000e+02	88.5648	0.2
2.790000000000000000e+02	88.6206	0.2
2.800000000000000000e+02	88.6686	0.2
2.810000000000000000e+02	88.9314	0.2
2.820000000000000000e+02	88.9749	0.2
2.830000000000000000e+02	88.743	0.2
2.840000000000000000e+02	88.8868	0.2
2.850000000000000000e+02	89.1034	0.2
2.860000000000000000e+02	89.1893	0.2
2.870000000000000000e+02	89.039	0.2
2.880000000000000000e+02	88.9298	0.2
2.890000000000000000e+02	88.8773	0.2
2.900000000000000000e+02	88.8585	0.2
2.910000000000000000e+02	88.5582	0.2
2.920000000000000000e+02	88.2264	0.2
2.930000000000000000e+02	87.9103	0.2
2.940000000000000000e+02	87.5094	0.2
2.950000000000000000e+02	87.4564	0.2
2.960000000000000000e+02	87.4887	0.2
2.970000000000000000e+02	87.4204	0.2
2.980000000000000000e+02	87.6262	0.2
2.990000000000000000e+02	87.8658	0.2
3.000000000000000000e+02	88.0299	0.2
3.010000000000000000e+02	88.0192	0.2
3.020000000000000000e+02	88.1026	0.2
3.030000000000000000e+02	88.4682	0.2
3.040000000000000000e+02	88.7425	0.2
3.050000000000000000e+02	88.8872	0.2
3.060000000000000000e+02	88.9861	0.2
3.070000000000000000e+02	89.2332	0.2
3.080000000000000000e+02	89.541	0.2
3.090000000000000000e+02	89.795	0.2
3.100000000000000000e+02	89.9809	0.2
3.110000000000000000e+02	90.0267	0.2
3.120000000000000000e+02	90.0001	0.2
3.130000000000000000e+02	90.0993	0.2
3.140000000000000000e+02	89.8989	0.2
3.150000000000000000e+02	89.353	0.2
3.160000000000000000e+02	88.7788	0.2
3.170000000000000000e+02	88.5388	0.2
3.180000000000000000e+02	88.4523	0.2
3.190000000000000000e+02	88.4867	0.2
3.200000000000000000e+02	88.5274	0.2
3.210000000000000000e+02	88.5003	0.2
3.220000000000000000e+02	88.4209	0.2
3.230000000000000000e+02	88.2342	0.2
3.240000000000000000e+02	88.0634	0.2
3.250000000000000000e+02	87.9494	0.2
3.260000000000000000e+02	87.9716	0.2
3.270000000000000000e+02	87.9331	0.2
3.280000000000000000e+02	87.807	0.2
3.290000000000000000e+02	87.8345	0.2
3.300000000000000000e+02	88.1403	0.2
3.310000000000000000e+02	88.4709	0.2
3.320000000000000000e+02	88.5646	0.2
3.330000000000000000e+02	88.5146	0.2
3.340000000000000000e+02	88.4365	0.2
3.350000000000000000e+02	88.2962	0.2
3.360000000000000000e+02	88.0812	0.2
3.370000000000000000e+02	88.0896	0.2
3.380000000000000000e+02	87.8839	0.2
3.390000000000000000e+02	87.6873	0.2
3.400000000000000000e+02	87.832	0.2
3.410000000000000000e+02	88.1351	0.2
3.420000000000000000e+02	88.1407	0.2
3.430000000000000000e+02	88.0817	0.2
3.440000000000000000e+02	88.1621	0.2
3.450000000000000000e+02	88.2094	0.2
3.460000000000000000e+02	88.1932	0.2
3.470000000000000000e+02	88.1401	0.2
3.480000000000000000e+02	88.0545	0.2
3.490000000000000000e+02	87.9904	0.2
3.500000000000000000e+02	88.0799	0.2
3.510000000000000000e+02	88.1963	0.2
3.520000000000000000e+02	88.3939	0.2
3.530000000000000000e+02	88.6272	0.2
3.540000000000000000e+02	88.8153	0.2
3.550000000000000000e+02	88.7403	0.2
3.560000000000000000e+02	88.437	0.2
3.570000000000000000e+02	88.4298	0.2
3.580000000000000000e+02	88.5762	0.2
3.590000000000000000e+02	88.6472	0.2
3.600000000000000000e+02	88.4649	0.2
3.610000000000000000e+02	88.2149	0.2
3.620000000000000000e+02	87.9133	0.2
3.630000000000000000e+02	87.7547	0.2
3.640000000000000000e+02	87.8207	0.2
3.650000000000000000e+02	87.8214	0.2
3.660000000000000000e+02	87.8358	0.2
3.670000000000000000e+02	87.9864	0.2
3.680000000000000000e+02	88.0989	0.2
3.690000000000000000e+02	88.1435	0.2
3.700000000000000000e+02	88.3623	0.2
3.710000000000000000e+02	88.4955	0.2
3.720000000000000000e+02	88.4607	0.2
3.730000000000000000e+02	88.4847	0.2
3.740000000000000000e+02	88.6232	0.2
3.750000000000000000e+02	88.7312	0.2
3.760000000000000000e+02	88.7878	0.2
3.770000000000000000e+02	88.8444	0.2
3.780000000000000000e+02	89.0259	0.2
3.790000000000000000e+02	89.0807	0.2
3.800000000000000000e+02	89.0506	0.2
3.810000000000000000e+02	89.0321	0.2
3.820000000000000000e+02	88.7928	0.2
3.830000000000000000e+02	88.3227	0.2
3.840000000000000000e+02	87.7478	0.2
3.850000000000000000e+02	87.3389	0.2
3.860000000000000000e+02	87.1087	0.2
3.870000000000000000e+02	87.0792	0.2
3.880000000000000000e+02	87.0858	0.2
3.890000000000000000e+02	87.1107	0.2
3.900000000000000000e+02	87.2616	0.2
3.910000000000000000e+02	87.337	0.2
3.920000000000000000e+02	87.2516	0.2
3.930000000000000000e+02	87.4869	0.2
3.940000000000000000e+02	88.0326	0.2
3.950000000000000000e+02	88.1783	0.2
3.960000000000000000e+02	88.2639	0.2
3.970000000000000000e+02	88.419	0.2
3.980000000000000000e+02	88.544	0.2
3.990000000000000000e+02	88.734	0.2
4.000000000000000000e+02	88.9026	0.2
4.010000000000000000e+02	89.0011	0.2
4.020000000000000000e+02	88.9982	0.2
4.030000000000000000e+02	88.7578	0.2
4.040000000000000000e+02	88.4857	0.2
4.050000000000000000e+02	88.3315	0.2
4.060000000000000000e+02	88.2861	0.2
4.070000000000000000e+02	88.1915	0.2
4.080000000000000000e+02	88.1933	0.2
4.090000000000000000e+02	88.3256	0.2
4.100000000000000000e+02	88.3209	0.2
4.110000000000000000e+02	88.2607	0.2
4.120000000000000000e+02	88.1277	0.2
4.130000000000000000e+02	88.0182	0.2
4.140000000000000000e+02	87.9947	0.2
4.150000000000000000e+02	87.968	0.2
4.160000000000000000e+02	87.9727	0.2
4.170000000000000000e+02	88.1697	0.2
4.180000000000000000e+02	88.2339	0.2
4.190000000000000000e+02	88.1329	0.2
4.200000000000000000e+02	88.1339	0.2
4.210000000000000000e+02	88.0994	0.2
4.220000000000000000e+02	88.0862	0.2
4.230000000000000000e+02	88.1625	0.2
4.240000000000000000e+02	88.1976	0.2
4.250000000000000000e+02	88.1229	0.2
4.260000000000000000e+02	88.0617	0.2
4.270000000000000000e+02	88.09	0.2
4.280000000000000000e+02	88.159	0.2
4.290000000000000000e+02	88.2185	0.2
4.300000000000000000e+02	88.127	0.2
4.310000000000000000e+02	87.9572	0.2
4.320000000000000000e+02	87.8227	0.2
4.330000000000000000e+02	87.661	0.2
4.340000000000000000e+02	87.4945	0.2
4.350000000000000000e+02	87.3053	0.2
4.360000000000000000e+02	87.1191	0.2
4.370000000000000000e+02	87.1643	0.2
4.380000000000000000e+02	87.1831	0.2
4.390000000000000000e+02	87.0831	0.2
4.400000000000000000e+02	87.1698	0.2
4.410000000000000000e+02	87.2722	0.2
4.420000000000000000e+02	87.2058	0.2
4.430000000000000000e+02	87.2588	0.2
4.440000000000000000e+02	87.253	0.2
4.450000000000000000e+02	87.1501	0.2
4.460000000000000000e+02	87.0861	0.2
4.470000000000000000e+02	87.0934	0.2
4.480000000000000000e+02	87.0327	0.2
4.490000000000000000e+02	86.8286	0.2
4.500000000000000000e+02	86.9959	0.2
4.510000000000000000e+02	87.1785	0.2
4.520000000000000000e+02	87.2642	0.2
4.530000000000000000e+02	87.3449	0.2
4.540000000000000000e+02	87.3557	0.2
4.550000000000000000e+02	87.3842	0.2
4.560000000000000000e+02	87.5433	0.2
4.570000000000000000e+02	87.793	0.2
4.580000000000000000e+02	88.0754	0.2
4.590000000000000000e+02	88.2459	0.2
4.600000000000000000e+02	88.4452	0.2
4.610000000000000000e+02	88.6647	0.2
4.620000000000000000e+02	88.6935	0.2
4.630000000000000000e+02	88.8499	0.2
4.640000000000000000e+02	89.1636	0.2
4.650000000000000000e+02	89.0943	0.2
4.660000000000000000e+02	88.879	0.2
4.670000000000000000e+02	88.7772	0.2
4.680000000000000000e+02	88.4551	0.2
4.690000000000000000e+02	88.2174	0.2
4.700000000000000000e+02	88.1213	0.2
4.710000000000000000e+02	88.0063	0.2
4.720000000000000000e+02	87.9591	0.2
4.730000000000000000e+02	88.0668	0.2
4.740000000000000000e+02	88.2264	0.2
4.750000000000000000e+02	88.0964	0.2
4.760000000000000000e+02	87.9361	0.2
4.770000000000000000e+02	87.9092	0.2
4.780000000000000000e+02	87.7966	0.2
4.790000000000000000e+02	87.6834	0.2
4.800000000000000000e+02	87.5872	0.2
4.810000000000000000e+02	87.5182	0.2
4.820000000000000000e+02	87.4514	0.2
4.830000000000000000e+02	87.441	0.2
4.840000000000000000e+02	87.3374	0.2
4.850000000000000000e+02	87.1381	0.2
4.860000000000000000e+02	86.9598	0.2
4.870000000000000000e+02	87.0254	0.2
4.880000000000000000e+02	87.2072	0.2
4.890000000000000000e+02	87.1887	0.2
4.900000000000000000e+02	87.1719	0.2
4.910000000000000000e+02	87.1305	0.2
4.920000000000000000e+02	87.0763	0.2
4.930000000000000000e+02	87.1524	0.2
4.940000000000000000e+02	87.1859	0.2
4.950000000000000000e+02	87.2302	0.2
4.960000000000000000e+02	87.4401	0.2
4.970000000000000000e+02	87.6464	0.2
4.980000000000000000e+02	87.626	0.2
4.990000000000000000e+02	87.6241	0.2
5.000000000000000000e+02	87.6145	0.2
5.010000000000000000e+02	87.6826	0.2
5.020000000000000000e+02	87.6919	0.2
5.030000000000000000e+02	87.788	0.2
5.040000000000000000e+02	87.8147	0.2
5.050000000000000000e+02	87.897	0.2
5.060000000000000000e+02	88.0135	0.2
5.070000000000000000e+02	87.9135	0.2
5.080000000000000000e+02	87.6689	0.2
5.090000000000000000e+02	87.5556	0.2
5.100000000000000000e+02	87.5868	0.2
5.110000000000000000e+02	87.8288	0.2
5.120000000000000000e+02	88.0972	0.2
5.130000000000000000e+02	87.9924	0.2
5.140000000000000000e+02	87.9663	0.2
5.150000000000000000e+02	88.0684	0.2
5.160000000000000000e+02	88.215	0.2
5.170000000000000000e+02	88.3524	0.2
5.180000000000000000e+02	88.479	0.2
5.190000000000000000e+02	88.5834	0.2
5.200000000000000000e+02	88.6279	0.2
5.210000000000000000e+02	88.5527	0.2
5.220000000000000000e+02	88.3153	0.2
5.230000000000000000e+02	88.1401	0.2
5.240000000000000000e+02	88.1343	0.2
5.250000000000000000e+02	88.3684	0.2
5.260000000000000000e+02	88.5655	0.2
5.270000000000000000e+02	88.6145	0.2
5.280000000000000000e+02	88.4527	0.2
5.290000000000000000e+02	88.5105	0.2
5.300000000000000000e+02	88.5226	0.2
5.310000000000000000e+02	88.2402	0.2
5.320000000000000000e+02	88.0678	0.2
5.330000000000000000e+02	88.0474	0.2
5.340000000000000000e+02	88.1399	0.2
5.350000000000000000e+02	88.083	0.2
5.360000000000000000e+02	88.0341	0.2
5.370000000000000000e+02	88.0453	0.2
5.380000000000000000e+02	88.1412	0.2
5.390000000000000000e+02	88.2775	0.2
5.400000000000000000e+02	88.3234	0.2
5.410000000000000000e+02	88.2418	0.2
5.420000000000000000e+02	88.1772	0.2
5.430000000000000000e+02	88.1665	0.2
5.440000000000000000e+02	88.2001	0.2
5.450000000000000000e+02	88.2324	0.2
5.460000000000000000e+02	88.251	0.2
5.470000000000000000e+02	88.2099	0.2
5.480000000000000000e+02	88.3165	0.1
5.490000000000000000e+02	88.5411	0.1
5.500000000000000000e+02	88.714	0.1
5.510000000000000000e+02	88.7557	0.1
5.520000000000000000e+02	88.7072	0.1
5.530000000000000000e+02	88.6208	0.1
5.540000000000000000e+02	88.4138	0.1
5.550000000000000000e+02	88.161	0.1
5.560000000000000000e+02	88.0921	0.1
5.570000000000000000e+02	88.0863	0.1
5.580000000000000000e+02	87.9142	0.1
5.590000000000000000e+02	87.7667	0.1
5.600000000000000000e+02	87.892	0.1
5.610000000000000000e+02	88.1323	0.1
5.620000000000000000e+02	88.278	0.1
5.630000000000000000e+02	88.5538	0.1
5.640000000000000000e+02	88.9682	0.1
5.650000000000000000e+02	89.2571	0.1
5.660000000000000000e+02	89.671	0.1
5.670000000000000000e+02	90.1536	0.1
5.680000000000000000e+02	90.5977	0.1
5.690000000000000000e+02	90.9215	0.1
5.700000000000000000e+02	91.1951	0.1
5.710000000000000000e+02	91.4263	0.1
5.720000000000000000e+02	91.6529	0.1
5.730000000000000000e+02	92.0559	0.1
5.740000000000000000e+02	92.2213	0.1
5.750000000000000000e+02	91.9636	0.1
5.760000000000000000e+02	91.8762	0.1
5.770000000000000000e+02	91.8195	0.1
5.780000000000000000e+02	91.7906	0.1
5.790000000000000000e+02	91.6885	0.1
5.800000000000000000e+02	91.6095	0.1
5.810000000000000000e+02	91.553	0.1
5.820000000000000000e+02	91.5228	0.1
5.830000000000000000e+02	91.4846	0.1
5.840000000000000000e+02	91.4009	0.1
5.850000000000000000e+02	91.4907	0.1
5.860000000000000000e+02	92.202	0.1
5.870000000000000000e+02	92.4582	0.1
5.880000000000000000e+02	92.3694	0.1
5.890000000000000000e+02	92.1735	0.1
5.900000000000000000e+02	92.4084	0.1
5.910000000000000000e+02	92.7527	0.1
5.920000000000000000e+02	93.0154	0.1
5.930000000000000000e+02	93.0951	0.1
5.940000000000000000e+02	93.1177	0.1
5.950000000000000000e+02	93.1796	0.1
5.960000000000000000e+02	93.2861	0.1
5.970000000000000000e+02	93.4773	0.1
5.980000000000000000e+02	93.5757	0.1
5.990000000000000000e+02	93.7272	0.1
6.000000000000000000e+02	94.1106	0.1
6.010000000000000000e+02	94.3462	0.1
6.020000000000000000e+02	94.6355	0.1
6.030000000000000000e+02	94.9113	0.1
6.040000000000000000e+02	94.9834	0.1
6.050000000000000000e+02	95.0888	0.1
6.060000000000000000e+02	95.0297	0.1
6.070000000000000000e+02	94.7329	0.1
6.080000000000000000e+02	94.6651	0.1
6.090000000000000000e+02	94.5657	0.1
6.100000000000000000e+02	94.1776	0.1
6.110000000000000000e+02	92.9203	0.1
6.120000000000000000e+02	91.8053	0.1
6.130000000000000000e+02	90.9897	0.1
6.140000000000000000e+02	90.4895	0.1
6.150000000000000000e+02	89.6661	0.1
6.160000000000000000e+02	88.7119	0.1
6.170000000000000000e+02	87.8406	0.1
6.180000000000000000e+02	86.9255	0.1
6.190000000000000000e+02	86.2499	0.1
6.200000000000000000e+02	85.651	0.1
6.210000000000000000e+02	85.0786	0.1
6.220000000000000000e+02	84.85	0.1
6.230000000000000000e+02	84.6779	0.1
6.240000000000000000e+02	84.5232	0.1
6.250000000000000000e+02	84.5102	0.1
6.260000000000000000e+02	84.4467	0.1
6.270000000000000000e+02	84.233	0.1
6.280000000000000000e+02	84.1138	0.1
6.290000000000000000e+02	84.2242	0.1
6.300000000000000000e+02	84.3062	0.1
6.310000000000000000e+02	84.4022	0.1
6.320000000000000000e+02	84.6236	0.1
6.330000000000000000e+02	84.6077	0.1
6.340000000000000000e+02	84.4939	0.1
6.350000000000000000e+02	84.6033	0.1
6.360000000000000000e+02	84.8127	0.1
6.370000000000000000e+02	85.1331	0.1
6.380000000000000000e+02	85.4827	0.1
6.390000000000000000e+02	85.5885	0.1
6.400000000000000000e+02	85.7317	0.1
6.410000000000000000e+02	85.8667	0.1
6.420000000000000000e+02	85.8911	0.1
6.430000000000000000e+02	86.1121	0.1
6.440000000000000000e+02	86.3109	0.1
6.450000000000000000e+02	86.5046	0.1
6.460000000000000000e+02	86.9127	0.1
6.470000000000000000e+02	87.1894	0.1
6.480000000000000000e+02	87.2137	0.1
6.490000000000000000e+02	87.2379	0.1
6.500000000000000000e+02	87.2011	0.1
6.510000000000000000e+02	87.2384	0.1
6.520000000000000000e+02	87.487	0.1
6.530000000000000000e+02	87.75	0.1
6.540000000000000000e+02	88.0592	0.1
6.550000000000000000e+02	88.3113	0.1
6.560000000000000000e+02	88.4823	0.1
6.570000000000000000e+02	88.729	0.1
6.580000000000000000e+02	89.0617	0.1
6.590000000000000000e+02	89.3471	0.1
6.600000000000000000e+02	89.7408	0.1
6.610000000000000000e+02	90.2277	0.1
6.620000000000000000e+02	90.6216	0.1
6.630000000000000000e+02	90.8432	0.1
6.640000000000000000e+02	90.9302	0.1
6.650000000000000000e+02	91.2348	0.1
6.660000000000000000e+02	91.481	0.1
6.670000000000000000e+02	91.6075	0.1
6.680000000000000000e+02	91.8298	0.1
6.690000000000000000e+02	92.0958	0.1
6.700000000000000000e+02	92.3104	0.1
6.710000000000000000e+02	92.2567	0.1
6.720000000000000000e+02	92.062	0.1
6.730000000000000000e+02	91.9693	0.1
6.740000000000000000e+02	91.9394	0.1
6.750000000000000000e+02	91.9812	0.1
6.760000000000000000e+02	92.0481	0.1
6.770000000000000000e+02	92.0372	0.1
6.780000000000000000e+02	91.9285	0.1
6.790000000000000000e+02	91.8423	0.1
6.800000000000000000e+02	91.7459	0.1
6.810000000000000000e+02	91.5801	0.1
6.820000000000000000e+02	91.1674	0.1
6.830000000000000000e+02	90.6678	0.1
6.840000000000000000e+02	90.3976	0.1
6.850000000000000000e+02	90.0496	0.1
6.860000000000000000e+02	89.4356	0.1
6.870000000000000000e+02	88.772	0.1
6.880000000000000000e+02	88.2344	0.1
6.890000000000000000e+02	87.8319	0.1
6.900000000000000000e+02	87.2051	0.1
6.910000000000000000e+02	86.5876	0.1
6.920000000000000000e+02	86.2048	0.1
6.930000000000000000e+02	85.927	0.1
6.940000000000000000e+02	85.8009	0.1
6.950000000000000000e+02	85.9728	0.1
6.960000000000000000e+02	86.3403	0.1
6.970000000000000000e+02	86.7246	0.1
6.980000000000000000e+02	87.1668	0.1
6.990000000000000000e+02	87.5736	0.1
7.000000000000000000e+02	87.7234	0.1
7.010000000000000000e+02	87.8175	0.1
7.020000000000000000e+02	88.1298	0.1
7.030000000000000000e+02	88.4724	0.1
7.040000000000000000e+02	88.5889	0.1
7.050000000000000000e+02	88.462	0.1
7.060000000000000000e+02	88.2085	0.1
7.070000000000000000e+02	87.8357	0.1
7.080000000000000000e+02	87.5162	0.1
7.090000000000000000e+02	87.1789	0.1
7.100000000000000000e+02	86.7705	0.1
7.110000000000000000e+02	86.3765	0.1
7.120000000000000000e+02	85.9591	0.1
7.130000000000000000e+02	85.4805	0.1
7.140000000000000000e+02	85.0122	0.1
7.150000000000000000e+02	84.6908	0.1
7.160000000000000000e+02	84.5586	0.1
7.170000000000000000e+02	84.6133	0.1
7.180000000000000000e+02	84.9251	0.1
7.190000000000000000e+02	85.3793	0.1
7.200000000000000000e+02	85.7704	0.1
7.210000000000000000e+02	85.991	0.1
7.220000000000000000e+02	86.223	0.1
7.230000000000000000e+02	86.4238	0.1
7.240000000000000000e+02	86.5949	0.1
7.250000000000000000e+02	86.9344	0.1
7.260000000000000000e+02	87.3662	0.1
7.270000000000000000e+02	87.5319	0.1
7.280000000000000000e+02	87.5153	0.1
7.290000000000000000e+02	87.4052	0.1
7.300000000000000000e+02	87.1935	0.1
7.310000000000000000e+02	86.9569	0.1
7.320000000000000000e+02	86.7935	0.1
7.330000000000000000e+02	86.6955	0.1
7.340000000000000000e+02	86.5838	0.1
7.350000000000000000e+02	86.4294	0.1
7.360000000000000000e+02	86.2023	0.1
7.370000000000000000e+02	86.031	0.1
7.380000000000000000e+02	85.9995	0.1
7.390000000000000000e+02	86.1586	0.1
7.400000000000000000e+02	86.4363	0.1
7.410000000000000000e+02	86.9371	0.1
7.420000000000000000e+02	87.6541	0.1
7.430000000000000000e+02	88.4438	0.1
7.440000000000000000e+02	89.2088	0.1
7.450000000000000000e+02	90.0199	0.1
7.460000000000000000e+02	91.0528	0.1
7.470000000000000000e+02	91.871	0.1
7.480000000000000000e+02	92.4852	0.1
7.490000000000000000e+02	92.9707	0.1
7.500000000000000000e+02	93.406	0.1
7.510000000000000000e+02	93.601	0.1
7.520000000000000000e+02	93.656	0.1
7.530000000000000000e+02	93.9697	0.1
7.540000000000000000e+02	94.0785	0.1
7.550000000000000000e+02	93.9557	0.1
7.560000000000000000e+02	93.7038	0.1
7.570000000000000000e+02	93.4479	0.1
7.580000000000000000e+02	93.0679	0.1
7.590000000000000000e+02	92.6008	0.1
7.600000000000000000e+02	92.155	0.1
7.610000000000000000e+02	91.8375	0.1
7.620000000000000000e+02	91.5539	0.1
7.630000000000000000e+02	91.4637	0.1
7.640000000000000000e+02	91.5239	0.1
7.650000000000000000e+02	91.3994	0.1
7.660000000000000000e+02	91.2333	0.1
7.670000000000000000e+02	91.0622	0.1
7.680000000000000000e+02	90.9824	0.1
7.690000000000000000e+02	90.9448	0.1
7.700000000000000000e+02	90.7693	0.1
7.710000000000000000e+02	90.3175	0.1
7.720000000000000000e+02	89.9602	0.1
7.730000000000000000e+02	89.7594	0.1
7.740000000000000000e+02	89.5916	0.1
7.750000000000000000e+02	89.3765	0.1
7.760000000000000000e+02	89.3576	0.1
7.770000000000000000e+02	89.6676	0.1
7.780000000000000000e+02	89.7207	0.1
7.790000000000000000e+02	89.6601	0.1
7.800000000000000000e+02	89.5485	0.1
7.810000000000000000e+02	89.556	0.1
7.820000000000000000e+02	89.6694	0.1
7.830000000000000000e+02	89.8277	0.1
7.840000000000000000e+02	90.0268	0.1
7.850000000000000000e+02	90.2594	0.1
7.860000000000000000e+02	90.6545	0.1
7.870000000000000000e+02	91.0034	0.1
7.880000000000000000e+02	91.174	0.1
7.890000000000000000e+02	91.1409	0.1
7.900000000000000000e+02	91.3491	0.1
7.910000000000000000e+02	91.7631	0.1
7.920000000000000000e+02	92.2814	0.1
7.930000000000000000e+02	92.6853	0.1
7.940000000000000000e+02	92.9134	0.1
7.950000000000000000e+02	93.0605	0.1
7.960000000000000000e+02	93.224	0.1
7.970000000000000000e+02	93.4395	0.1
7.980000000000000000e+02	93.6952	0.1
7.990000000000000000e+02	93.9049	0.1
8.000000000000000000e+02	94.1608	0.1
8.010000000000000000e+02	94.5334	0.1
8.020000000000000000e+02	94.6406	0.1
8.030000000000000000e+02	94.5431	0.1
8.040000000000000000e+02	94.4048	0.1
8.050000000000000000e+02	94.2666	0.1
8.060000000000000000e+02	94.0582	0.1
8.070000000000000000e+02	93.7976	0.1
8.080000000000000000e+02	93.5148	0.1
8.090000000000000000e+02	93.1991	0.1
8.100000000000000000e+02	92.7803	0.1
8.110000000000000000e+02	92.252	0.1
8.120000000000000000e+02	91.9476	0.1
8.130000000000000000e+02	91.8157	0.1
8.140000000000000000e+02	91.6489	0.1
8.150000000000000000e+02	91.4489	0.1
8.160000000000000000e+02	91.2023	0.1
8.170000000000000000e+02	90.9401	0.1
8.180000000000000000e+02	90.589	0.1
8.190000000000000000e+02	90.2075	0.1
8.200000000000000000e+02	90.0019	0.1
8.210000000000000000e+02	89.9212	0.1
8.220000000000000000e+02	89.9167	0.1
8.230000000000000000e+02	89.9334	0.1
8.240000000000000000e+02	90.0667	0.1
8.250000000000000000e+02	90.0495	0.1
8.260000000000000000e+02	89.8944	0.1
8.270000000000000000e+02	89.8572	0.1
8.280000000000000000e+02	89.8633	0.1
8.290000000000000000e+02	89.7469	0.1
8.300000000000000000e+02	89.6478	0.1
8.310000000000000000e+02	89.8012	0.1
8.320000000000000000e+02	89.8487	0.1
8.330000000000000000e+02	89.8142	0.1
8.340000000000000000e+02	89.7842	0.1
8.350000000000000000e+02	89.8306	0.1
8.360000000000000000e+02	89.9408	0.1
8.370000000000000000e+02	90.0593	0.1
8.380000000000000000e+02	90.152	0.1
8.390000000000000000e+02	90.402	0.1
8.400000000000000000e+02	90.8048	0.1
8.410000000000000000e+02	91.2579	0.1
8.420000000000000000e+02	91.6485	0.1
8.430000000000000000e+02	92.0004	0.1
8.440000000000000000e+02	92.3763	0.1
8.450000000000000000e+02	92.7091	0.1
8.460000000000000000e+02	92.9435	0.1
8.470000000000000000e+02	93.0146	0.1
8.480000000000000000e+02	92.8679	0.1
8.490000000000000000e+02	92.5639	0.1
8.500000000000000000e+02	92.3378	0.1
8.510000000000000000e+02	92.0164	0.1
8.520000000000000000e+02	91.4962	0.1
8.530000000000000000e+02	90.8707	0.1
8.540000000000000000e+02	90.3015	0.1
8.550000000000000000e+02	89.8295	0.1
8.560000000000000000e+02	89.1188	0.1
8.570000000000000000e+02	88.4228	0.1
8.580000000000000000e+02	87.8794	0.1
8.590000000000000000e+02	87.4745	0.1
8.600000000000000000e+02	87.289	0.1
8.610000000000000000e+02	87.1529	0.1
8.620000000000000000e+02	87.0316	0.1
8.630000000000000000e+02	86.9932	0.1
8.640000000000000000e+02	87.0181	0.1
8.650000000000000000e+02	87.0354	0.1
8.660000000000000000e+02	87.19	0.1
8.670000000000000000e+02	87.3268	0.1
8.680000000000000000e+02	87.2532	0.1
8.690000000000000000e+02	86.9839	0.1
8.700000000000000000e+02	86.683	0.1
8.710000000000000000e+02	86.5578	0.1
8.720000000000000000e+02	86.3989	0.1
8.730000000000000000e+02	86.2043	0.1
8.740000000000000000e+02	85.9359	0.1
8.750000000000000000e+02	85.5121	0.1
8.760000000000000000e+02	85.1615	0.1
8.770000000000000000e+02	84.9864	0.1
8.780000000000000000e+02	84.9061	0.1
8.790000000000000000e+02	84.8314	0.1
8.800000000000000000e+02	84.6839	0.1
8.810000000000000000e+02	84.4752	0.1
8.820000000000000000e+02	84.5412	0.1
8.830000000000000000e+02	84.7805	0.1
8.840000000000000000e+02	85.0296	0.1
8.850000000000000000e+02	85.0803	0.1
8.860000000000000000e+02	85.0315	0.1
8.870000000000000000e+02	85.1425	0.1
8.880000000000000000e+02	85.304	0.1
8.890000000000000000e+02	85.4531	0.1
8.900000000000000000e+02	85.5725	0.1
8.910000000000000000e+02	85.551	0.1
8.920000000000000000e+02	85.4645	0.1
8.930000000000000000e+02	85.15	0.1
8.940000000000000000e+02	85.1232	0.1
8.950000000000000000e+02	85.2053	0.1
8.960000000000000000e+02	85.039	0.1
8.970000000000000000e+02	84.8476	0.1
8.980000000000000000e+02	84.688	0.1
8.990000000000000000e+02	84.5489	0.1
9.000000000000000000e+02	84.6262	0.1
9.010000000000000000e+02	84.7689	0.1
9.020000000000000000e+02	84.8529	0.1
9.030000000000000000e+02	84.7863	0.1
9.040000000000000000e+02	84.7563	0.1
9.050000000000000000e+02	84.8371	0.1
9.060000000000000000e+02	85.1224	0.1
9.070000000000000000e+02	85.251	0.1
9.080000000000000000e+02	85.0696	0.1
9.090000000000000000e+02	84.8477	0.1
9.100000000000000000e+02	84.7105	0.1
9.110000000000000000e+02	84.7474	0.1
9.120000000000000000e+02	84.8179	0.1
9.130000000000000000e+02	84.796	0.1
9.140000000000000000e+02	84.6271	0.1
9.150000000000000000e+02	84.3516	0.1
9.160000000000000000e+02	84.0263	0.1
9.170000000000000000e+02	83.6567	0.1
9.180000000000000000e+02	83.6761	0.1
9.190000000000000000e+02	83.7377	0.1
9.200000000000000000e+02	83.6425	0.1
9.210000000000000000e+02	83.8438	0.1
9.220000000000000000e+02	84.1642	0.1
9.230000000000000000e+02	84.4795	0.1
9.240000000000000000e+02	84.7808	0.1
9.250000000000000000e+02	85.1152	0.1
9.260000000000000000e+02	85.4273	0.1
9.270000000000000000e+02	85.6808	0.1
9.280000000000000000e+02	86.0259	0.1
9.290000000000000000e+02	86.3091	0.1
9.300000000000000000e+02	86.4763	0.1
9.310000000000000000e+02	86.6728	0.1
9.320000000000000000e+02	86.9016	0.1
9.330000000000000000e+02	87.1982	0.1
9.340000000000000000e+02	87.2939	0.1
9.350000000000000000e+02	87.2483	0.1
9.360000000000000000e+02	87.1003	0.1
9.370000000000000000e+02	86.7412	0.1
9.380000000000000000e+02	86.2286	0.1
9.390000000000000000e+02	85.6843	0.1
9.400000000000000000e+02	85.3747	0.1
9.410000000000000000e+02	85.0707	0.1
9.420000000000000000e+02	84.849	0.1
9.430000000000000000e+02	84.6617	0.1
9.440000000000000000e+02	84.3755	0.1
9.450000000000000000e+02	84.3974	0.1
9.460000000000000000e+02	84.2917	0.1
9.470000000000000000e+02	84.1135	0.1
9.480000000000000000e+02	84.0555	0.1
9.490000000000000000e+02	84.1482	0.1
9.500000000000000000e+02	84.1669	0.1
9.510000000000000000e+02	84.1933	0.1
9.520000000000000000e+02	84.299	0.1
9.530000000000000000e+02	84.4553	0.1
9.540000000000000000e+02	84.6083	0.1
9.550000000000000000e+02	84.75	0.1
9.560000000000000000e+02	84.7117	0.1
9.570000000000000000e+02	84.321	0.1
9.580000000000000000e+02	83.5837	0.1
9.590000000000000000e+02	82.7366	0.1
9.600000000000000000e+02	81.8953	0.1
9.610000000000000000e+02	81.0978	0.1
9.620000000000000000e+02	80.2203	0.1
9.630000000000000000e+02	79.417	0.1
9.640000000000000000e+02	78.7534	0.1
9.650000000000000000e+02	78.0909	0.1
9.660000000000000000e+02	77.5114	0.1
9.670000000000000000e+02	76.9253	0.1
9.680000000000000000e+02	76.5135	0.1
9.690000000000000000e+02	76.3117	0.1
9.700000000000000000e+02	76.1928	0.1
9.710000000000000000e+02	76.2439	0.1
9.720000000000000000e+02	76.429	0.1
9.730000000000000000e+02	76.635	0.1
9.740000000000000000e+02	77.0463	0.1
9.750000000000000000e+02	77.5976	0.1
9.760000000000000000e+02	78.2521	0.1
9.770000000000000000e+02	78.984	0.1
9.780000000000000000e+02	79.561	0.1
9.790000000000000000e+02	80.0421	0.1
9.800000000000000000e+02	80.532	0.1
9.810000000000000000e+02	80.8973	0.1
9.820000000000000000e+02	81.1877	0.1
9.830000000000000000e+02	81.4397	0.1
9.840000000000000000e+02	81.7182	0.1
9.850000000000000000e+02	81.9851	0.1
9.860000000000000000e+02	82.1813	0.1
9.870000000000000000e+02	82.4329	0.1
9.880000000000000000e+02	82.6103	0.1
9.890000000000000000e+02	82.6603	0.1
9.900000000000000000e+02	82.6179	0.1
9.910000000000000000e+02	82.7123	0.1
9.920000000000000000e+02	82.977	0.1
9.930000000000000000e+02	83.0794	0.1
9.940000000000000000e+02	83.0917	0.1
9.950000000000000000e+02	83.0701	0.1
9.960000000000000000e+02	83.2784	0.1
9.970000000000000000e+02	83.4896	0.1
9.980000000000000000e+02	83.6458	0.1
9.990000000000000000e+02	83.7024	0.1
1.000000000000000000e+03	83.7193	0.1
1.001000000000000000e+03	83.6226	0.1
1.002000000000000000e+03	83.5088	0.1
1.003000000000000000e+03	83.5485	0.1
1.004000000000000000e+03	83.7399	0.1
1.005000000000000000e+03	83.8177	0.1
1.006000000000000000e+03	83.8073	0.1
1.007000000000000000e+03	83.7981	0.1
1.008000000000000000e+03	83.8468	0.1
1.009000000000000000e+03	83.7437	0.1
1.010000000000000000e+03	83.521	0.1
1.011000000000000000e+03	83.3466	0.1
1.012000000000000000e+03	83.1464	0.1
1.013000000000000000e+03	82.9612	0.1
1.014000000000000000e+03	82.8892	0.1
1.015000000000000000e+03	82.8671	0.1
1.016000000000000000e+03	82.7596	0.1
1.017000000000000000e+03	82.5428	0.1
1.018000000000000000e+03	82.112	0.1
1.019000000000000000e+03	81.7019	0.1
1.020000000000000000e+03	81.4018	0.1
1.021000000000000000e+03	80.7818	0.1
1.022000000000000000e+03	80.1747	0.1
1.023000000000000000e+03	79.7795	0.1
1.024000000000000000e+03	79.5121	0.1
1.025000000000000000e+03	79.2232	0.1
1.026000000000000000e+03	79.0034	0.1
1.027000000000000000e+03	78.796	0.1
1.028000000000000000e+03	78.747	0.1
1.029000000000000000e+03	78.8418	0.1
1.030000000000000000e+03	79.1144	0.1
1.031000000000000000e+03	79.414	0.1
1.032000000000000000e+03	79.6043	0.1
1.033000000000000000e+03	79.59	0.1
1.034000000000000000e+03	79.7869	0.1
1.035000000000000000e+03	80.1998	0.1
1.036000000000000000e+03	80.5303	0.1
1.037000000000000000e+03	81.0108	0.1
1.038000000000000000e+03	81.6263	0.1
1.039000000000000000e+03	82.0026	0.1
1.040000000000000000e+03	82.2371	0.1
1.041000000000000000e+03	82.3354	0.1
1.042000000000000000e+03	82.2567	0.1
1.043000000000000000e+03	82.2309	0.1
1.044000000000000000e+03	82.085	0.1
1.045000000000000000e+03	81.8059	0.1
1.046000000000000000e+03	81.5598	0.1
1.047000000000000000e+03	81.2923	0.1
1.048000000000000000e+03	80.9092	0.1
1.049000000000000000e+03	80.2501	0.1
1.050000000000000000e+03	79.7438	0.1
1.051000000000000000e+03	79.4225	0.1
1.052000000000000000e+03	79.262	0.1
1.053000000000000000e+03	78.9998	0.1
1.054000000000000000e+03	78.6492	0.1
1.055000000000000000e+03	78.273	0.1
1.056000000000000000e+03	77.7915	0.1
1.057000000000000000e+03	77.4106	0.1
1.058000000000000000e+03	77.3484	0.1
1.059000000000000000e+03	77.3021	0.1
1.060000000000000000e+03	77.3156	0.1
1.061000000000000000e+03	77.5488	0.1
1.062000000000000000e+03	77.8085	0.1
1.063000000000000000e+03	78.0236	0.1
1.064000000000000000e+03	78.4137	0.1
1.065000000000000000e+03	78.9103	0.1
1.066000000000000000e+03	79.5911	0.1
1.067000000000000000e+03	80.3295	0.1
1.068000000000000000e+03	81.0402	0.1
1.069000000000000000e+03	81.7254	0.1
1.070000000000000000e+03	82.4537	0.1
1.071000000000000000e+03	83.2511	0.1
1.072000000000000000e+03	84.1594	0.1
1.073000000000000000e+03	84.952	0.1
1.074000000000000000e+03	85.7282	0.1
1.075000000000000000e+03	86.2573	0.1
1.076000000000000000e+03	86.522	0.1
1.077000000000000000e+03	86.6384	0.1
1.078000000000000000e+03	86.7372	0.1
1.079000000000000000e+03	86.8234	0.1
1.080000000000000000e+03	86.6298	0.1
1.081000000000000000e+03	86.383	0.1
1.082000000000000000e+03	86.103	0.1
1.083000000000000000e+03	85.8182	0.1
1.084000000000000000e+03	85.5225	0.1
1.085000000000000000e+03	85.1888	0.1
1.086000000000000000e+03	84.9221	0.1
1.087000000000000000e+03	84.7347	0.1
1.088000000000000000e+03	84.5898	0.1
1.089000000000000000e+03	84.4648	0.1
1.090000000000000000e+03	84.4217	0.1
1.091000000000000000e+03	84.3086	0.1
1.092000000000000000e+03	84.3318	0.1
1.093000000000000000e+03	84.393	0.1
1.094000000000000000e+03	84.4869	0.1
1.095000000000000000e+03	84.5804	0.1
1.096000000000000000e+03	84.6518	0.1
1.097000000000000000e+03	84.6014	0.1
1.098000000000000000e+03	84.6325	0.1
1.099000000000000000e+03	84.5487	0.1
1.100000000000000000e+03	84.3613	0.1
1.101000000000000000e+03	84.1976	0.1
1.102000000000000000e+03	83.999	0.1
1.103000000000000000e+03	83.7298	0.1
1.104000000000000000e+03	83.2894	0.1
1.105000000000000000e+03	82.9876	0.1
1.106000000000000000e+03	82.8339	0.1
1.107000000000000000e+03	82.7217	0.1
1.108000000000000000e+03	82.4208	0.1
1.109000000000000000e+03	82.2379	0.1
1.110000000000000000e+03	82.3478	0.1
1.111000000000000000e+03	82.4967	0.1
1.112000000000000000e+03	82.6562	0.1
1.113000000000000000e+03	82.802	0.1
1.114000000000000000e+03	83.0161	0.1
1.115000000000000000e+03	83.4116	0.1
1.116000000000000000e+03	83.9772	0.1
1.117000000000000000e+03	84.3905	0.1
1.118000000000000000e+03	84.8262	0.1
1.119000000000000000e+03	85.4068	0.1
1.120000000000000000e+03	85.8333	0.1
1.121000000000000000e+03	86.3496	0.1
1.122000000000000000e+03	87.0324	0.1
1.123000000000000000e+03	87.2813	0.1
1.124000000000000000e+03	87.6947	0.1
1.125000000000000000e+03	88.0414	0.1
1.126000000000000000e+03	88.2401	0.1
1.127000000000000000e+03	88.4547	0.1
1.128000000000000000e+03	88.4956	0.1
1.129000000000000000e+03	88.5133	0.1
1.130000000000000000e+03	88.4683	0.1
1.131000000000000000e+03	88.3208	0.1
1.132000000000000000e+03	87.9779	0.1
1.133000000000000000e+03	87.9116	0.1
1.134000000000000000e+03	88.0035	0.1
1.135000000000000000e+03	87.6986	0.1
1.136000000000000000e+03	87.323	0.1
1.137000000000000000e+03	86.8779	0.1
1.138000000000000000e+03	86.368	0.1
1.139000000000000000e+03	85.8806	0.1
1.140000000000000000e+03	85.3578	0.1
1.141000000000000000e+03	84.8283	0.1
1.142000000000000000e+03	84.2384	0.1
1.143000000000000000e+03	83.8397	0.1
1.144000000000000000e+03	83.4337	0.1
1.145000000000000000e+03	83.3293	0.1
1.146000000000000000e+03	83.3005	0.1
1.147000000000000000e+03	83.0685	0.1
1.148000000000000000e+03	83.1453	0.1
1.149000000000000000e+03	83.003	0.1
1.150000000000000000e+03	83.0189	0.1
1.151000000000000000e+03	83.2432	0.1
1.152000000000000000e+03	83.2822	0.1
1.153000000000000000e+03	83.6698	0.1
1.154000000000000000e+03	84.0904	0.1
1.155000000000000000e+03	84.4742	0.1
1.156000000000000000e+03	84.8508	0.1
1.157000000000000000e+03	85.4609	0.1
1.158000000000000000e+03	85.9261	0.1
1.159000000000000000e+03	85.9446	0.1
1.160000000000000000e+03	85.8325	0.1
1.161000000000000000e+03	85.6004	0.1
1.162000000000000000e+03	85.2311	0.1
1.163000000000000000e+03	84.882	0.1
1.164000000000000000e+03	84.6321	0.1
1.165000000000000000e+03	84.3652	0.1
1.166000000000000000e+03	83.9439	0.1
1.167000000000000000e+03	83.5634	0.1
1.168000000000000000e+03	83.2235	0.1
1.169000000000000000e+03	82.8189	0.1
1.170000000000000000e+03	82.3286	0.1
1.171000000000000000e+03	81.8703	0.1
1.172000000000000000e+03	81.463	0.1
1.173000000000000000e+03	81.0781	0.1
1.174000000000000000e+03	80.9597	0.1
1.175000000000000000e+03	80.9671	0.1
1.176000000000000000e+03	81.0402	0.1
1.177000000000000000e+03	81.3218	0.1
1.178000000000000000e+03	81.4081	0.1
1.179000000000000000e+03	81.4256	0.1
1.180000000000000000e+03	81.349	0.1
1.181000000000000000e+03	81.2284	0.1
1.182000000000000000e+03	81.0207	0.1
1.183000000000000000e+03	80.7292	0.1
1.184000000000000000e+03	80.472	0.1
1.185000000000000000e+03	80.3877	0.1
1.186000000000000000e+03	80.3931	0.1
1.187000000000000000e+03	80.6733	0.1
1.188000000000000000e+03	81.0799	0.1
1.189000000000000000e+03	81.3191	0.1
1.190000000000000000e+03	81.357	0.1
1.191000000000000000e+03	81.3556	0.1
1.192000000000000000e+03	81.6158	0.1
1.193000000000000000e+03	81.7051	0.1
1.194000000000000000e+03	81.6703	0.1
1.195000000000000000e+03	81.6565	0.1
1.196000000000000000e+03	81.6495	0.1
1.197000000000000000e+03	81.7112	0.1
1.198000000000000000e+03	81.6906	0.1
1.199000000000000000e+03	81.6788	0.1
1.200000000000000000e+03	81.6458	0.1
1.201000000000000000e+03	81.4474	0.1
1.202000000000000000e+03	81.0003	0.1
1.203000000000000000e+03	80.5414	0.1
1.204000000000000000e+03	80.2499	0.1
1.205000000000000000e+03	80.022	0.1
1.206000000000000000e+03	79.8578	0.1
1.207000000000000000e+03	79.7412	0.1
1.208000000000000000e+03	79.7655	0.1
1.209000000000000000e+03	79.8793	0.1
1.210000000000000000e+03	80.0582	0.1
1.211000000000000000e+03	80.3547	0.1
1.212000000000000000e+03	80.5794	0.1
1.213000000000000000e+03	80.6092	0.1
1.214000000000000000e+03	80.3564	0.1
1.215000000000000000e+03	80.4485	0.1
1.216000000000000000e+03	80.7884	0.1
1.217000000000000000e+03	80.8742	0.1
1.218000000000000000e+03	80.8253	0.1
1.219000000000000000e+03	80.7711	0.1
1.220000000000000000e+03	80.8057	0.1
1.221000000000000000e+03	80.8368	0.1
1.222000000000000000e+03	80.7132	0.1
1.223000000000000000e+03	80.7919	0.1
1.224000000000000000e+03	80.7911	0.1
1.225000000000000000e+03	80.5803	0.1
1.226000000000000000e+03	80.3247	0.1
1.227000000000000000e+03	80.2823	0.1
1.228000000000000000e+03	80.3274	0.1
1.229000000000000000e+03	80.3419	0.1
1.230000000000000000e+03	80.3673	0.1
1.231000000000000000e+03	80.4692	0.1
1.232000000000000000e+03	80.8094	0.1
1.233000000000000000e+03	81.0525	0.1
1.234000000000000000e+03	81.3208	0.1
1.235000000000000000e+03	81.6572	0.1
1.236000000000000000e+03	81.8736	0.1
1.237000000000000000e+03	81.9298	0.1
1.238000000000000000e+03	81.914	0.1
1.239000000000000000e+03	82.391	0.1
1.240000000000000000e+03	82.7356	0.1
1.241000000000000000e+03	82.8234	0.1
1.242000000000000000e+03	83.04	0.1
1.243000000000000000e+03	83.3583	0.1
1.244000000000000000e+03	83.6725	0.1
1.245000000000000000e+03	83.7741	0.1
1.246000000000000000e+03	83.7044	0.1
1.247000000000000000e+03	83.5978	0.1
1.248000000000000000e+03	83.2862	0.1
1.249000000000000000e+03	83.0386	0.1
1.250000000000000000e+03	82.9412	0.1
1.251000000000000000e+03	82.8295	0.1
1.252000000000000000e+03	82.9691	0.1
1.253000000000000000e+03	83.0014	0.1
1.254000000000000000e+03	82.9023	0.1
1.255000000000000000e+03	82.898	0.1
1.256000000000000000e+03	83.1175	0.1
1.257000000000000000e+03	83.2462	0.1
1.258000000000000000e+03	83.4335	0.1
1.259000000000000000e+03	83.6128	0.1
1.260000000000000000e+03	83.7019	0.1
1.261000000000000000e+03	83.8029	0.1
1.262000000000000000e+03	83.9545	0.1
1.263000000000000000e+03	84.2498	0.1
1.264000000000000000e+03	84.5405	0.1
1.265000000000000000e+03	84.8847	0.1
1.266000000000000000e+03	85.2155	0.1
1.267000000000000000e+03	85.4087	0.1
1.268000000000000000e+03	85.4877	0.1
1.269000000000000000e+03	85.4375	0.1
1.270000000000000000e+03	85.3637	0.1
1.271000000000000000e+03	85.2441	0.1
1.272000000000000000e+03	85.1369	0.1
1.273000000000000000e+03	85.2106	0.1
1.274000000000000000e+03	85.1762	0.1
1.275000000000000000e+03	85.0162	0.1
1.276000000000000000e+03	84.9675	0.1
1.277000000000000000e+03	84.6702	0.1
1.278000000000000000e+03	84.4544	0.1
1.279000000000000000e+03	84.2635	0.1
1.280000000000000000e+03	84.1208	0.1
1.281000000000000000e+03	83.9811	0.1
1.282000000000000000e+03	83.8447	0.1
1.283000000000000000e+03	83.7163	0.1
1.284000000000000000e+03	83.5653	0.1
1.285000000000000000e+03	83.514	0.1
1.286000000000000000e+03	83.5581	0.1
1.287000000000000000e+03	83.6397	0.1
1.288000000000000000e+03	83.8245	0.1
1.289000000000000000e+03	84.038	0.1
1.290000000000000000e+03	84.1694	0.1
1.291000000000000000e+03	84.4975	0.1
1.292000000000000000e+03	84.885	0.1
1.293000000000000000e+03	85.1163	0.1
1.294000000000000000e+03	85.4785	0.1
1.295000000000000000e+03	85.8717	0.1
1.296000000000000000e+03	86.3348	0.1
1.297000000000000000e+03	86.8936	0.1
1.298000000000000000e+03	87.4456	0.1
1.299000000000000000e+03	88.041	0.1
1.300000000000000000e+03	88.647	0.1
1.301000000000000000e+03	89.1137	0.1
1.302000000000000000e+03	89.4496	0.1
1.303000000000000000e+03	89.6631	0.1
1.304000000000000000e+03	89.8562	0.1
1.305000000000000000e+03	90.0102	0.1
1.306000000000000000e+03	90.0811	0.1
1.307000000000000000e+03	90.0892	0.1
1.308000000000000000e+03	90.0498	0.1
1.309000000000000000e+03	90.0415	0.1
1.310000000000000000e+03	89.8974	0.1
1.311000000000000000e+03	89.5595	0.1
1.312000000000000000e+03	89.3792	0.1
1.313000000000000000e+03	89.1785	0.1
1.314000000000000000e+03	88.8729	0.1
1.315000000000000000e+03	88.683	0.1
1.316000000000000000e+03	88.4471	0.1
1.317000000000000000e+03	88.1792	0.1
1.318000000000000000e+03	88.105	0.1
1.319000000000000000e+03	88.012	0.1
1.320000000000000000e+03	87.6988	0.1
1.321000000000000000e+03	87.4005	0.1
1.322000000000000000e+03	87.3224	0.1
1.323000000000000000e+03	87.202	0.1
1.324000000000000000e+03	86.9544	0.1
1.325000000000000000e+03	86.6059	0.1
1.326000000000000000e+03	86.2338	0.1
1.327000000000000000e+03	85.8693	0.1
1.328000000000000000e+03	85.6423	0.1
1.329000000000000000e+03	85.4836	0.1
1.330000000000000000e+03	85.3551	0.1
1.331000000000000000e+03	85.0549	0.1
1.332000000000000000e+03	84.6958	0.1
1.333000000000000000e+03	84.4703	0.1
1.334000000000000000e+03	84.2094	0.1
1.335000000000000000e+03	83.9785	0.1
1.336000000000000000e+03	83.9526	0.1
1.337000000000000000e+03	83.8753	0.1
1.338000000000000000e+03	83.7946	0.1
1.339000000000000000e+03	83.9129	0.1
1.340000000000000000e+03	84.0373	0.1
1.341000000000000000e+03	84.0826	0.1
1.342000000000000000e+03	84.0908	0.1
1.343000000000000000e+03	84.0535	0.1
1.344000000000000000e+03	84.0271	0.1
1.345000000000000000e+03	84.2317	0.1
1.346000000000000000e+03	84.5336	0.1
1.347000000000000000e+03	84.5565	0.1
1.348000000000000000e+03	84.5154	0.1
1.349000000000000000e+03	84.5067	0.1
1.350000000000000000e+03	84.5502	0.1
1.351000000000000000e+03	84.6184	0.1
1.352000000000000000e+03	84.8917	0.1
1.353000000000000000e+03	85.0314	0.1
1.354000000000000000e+03	84.8337	0.1
1.355000000000000000e+03	84.6737	0.1
1.356000000000000000e+03	84.5979	0.1
1.357000000000000000e+03	84.5787	0.1
1.358000000000000000e+03	84.4453	0.1
1.359000000000000000e+03	84.3481	0.1
1.360000000000000000e+03	84.4555	0.1
1.361000000000000000e+03	84.659	0.1
1.362000000000000000e+03	84.8813	0.1
1.363000000000000000e+03	85.1787	0.1
1.364000000000000000e+03	85.4592	0.1
1.365000000000000000e+03	85.7536	0.1
1.366000000000000000e+03	86.0847	0.1
1.367000000000000000e+03	86.4858	0.1
1.368000000000000000e+03	86.9685	0.1
1.369000000000000000e+03	87.31	0.1
1.370000000000000000e+03	87.5411	0.1
1.371000000000000000e+03	87.7361	0.1
1.372000000000000000e+03	87.9945	0.1
1.373000000000000000e+03	88.1339	0.1
1.374000000000000000e+03	88.1949	0.1
1.375000000000000000e+03	88.1919	0.1
1.376000000000000000e+03	88.2154	0.1
1.377000000000000000e+03	88.1307	0.1
1.378000000000000000e+03	88.0271	0.1
1.379000000000000000e+03	88.1912	0.1
1.380000000000000000e+03	88.3228	0.1
1.381000000000000000e+03	88.3401	0.1
1.382000000000000000e+03	88.2519	0.1
1.383000000000000000e+03	88.1637	0.1
1.384000000000000000e+03	88.2478	0.1
1.385000000000000000e+03	88.3662	0.1
1.386000000000000000e+03	88.1794	0.1
1.387000000000000000e+03	88.0008	0.1
1.388000000000000000e+03	87.7639	0.1
1.389000000000000000e+03	87.4867	0.1
1.390000000000000000e+03	87.1853	0.1
1.391000000000000000e+03	86.8647	0.1
1.392000000000000000e+03	86.5242	0.1
1.393000000000000000e+03	86.1144	0.1
1.394000000000000000e+03	85.7073	0.1
1.395000000000000000e+03	85.3011	0.1
1.396000000000000000e+03	84.8429	0.1
1.397000000000000000e+03	84.3323	0.1
1.398000000000000000e+03	83.9295	0.1
1.399000000000000000e+03	83.6076	0.2
1.400000000000000000e+03	83.3785	0.2
1.401000000000000000e+03	83.2596	0.2
1.402000000000000000e+03	83.2111	0.2
1.403000000000000000e+03	83.1724	0.2
1.404000000000000000e+03	83.0939	0.2
1.405000000000000000e+03	82.8702	0.2
1.406000000000000000e+03	82.6572	0.2
1.407000000000000000e+03	82.5525	0.2
1.408000000000000000e+03	82.5419	0.2
1.409000000000000000e+03	82.4568	0.2
1.410000000000000000e+03	82.1694	0.2
1.411000000000000000e+03	82.0366	0.2
1.412000000000000000e+03	81.8729	0.2
1.413000000000000000e+03	81.731	0.2
1.414000000000000000e+03	81.6107	0.2
1.415000000000000000e+03	81.5037	0.2
1.416000000000000000e+03	81.4165	0.2
1.417000000000000000e+03	81.3523	0.2
1.418000000000000000e+03	81.3152	0.2
1.419000000000000000e+03	81.2997	0.2
1.420000000000000000e+03	81.3002	0.2
1.421000000000000000e+03	81.3158	0.2
1.422000000000000000e+03	81.3512	0.2
1.423000000000000000e+03	81.378	0.2
1.424000000000000000e+03	81.4065	0.2
1.425000000000000000e+03	81.4358	0.2
1.426000000000000000e+03	81.4669	0.2
1.427000000000000000e+03	81.4823	0.2
1.428000000000000000e+03	81.487	0.2
1.429000000000000000e+03	81.4733	0.2
1.430000000000000000e+03	81.4389	0.2
1.431000000000000000e+03	81.4026	0.2
1.432000000000000000e+03	81.3648	0.2
1.433000000000000000e+03	81.3197	0.2
1.434000000000000000e+03	81.2501	0.2
1.435000000000000000e+03	81.1679	0.2
1.436000000000000000e+03	81.0885	0.2
1.437000000000000000e+03	81.0082	0.2
1.438000000000000000e+03	80.9256	0.2
1.439000000000000000e+03	80.8375	0.2
1.440000000000000000e+03	80.7481	0.2
1.441000000000000000e+03	80.6604	0.2
1.442000000000000000e+03	80.5778	0.2
1.443000000000000000e+03	80.5008	0.2
1.444000000000000000e+03	80.4283	0.2
1.445000000000000000e+03	80.3591	0.2
1.446000000000000000e+03	80.3003	0.2
1.447000000000000000e+03	80.2451	0.2
1.448000000000000000e+03	80.1881	0.2
1.449000000000000000e+03	80.123	0.2
1.450000000000000000e+03	80.0469	0.2
1.451000000000000000e+03	79.982	0.2
1.452000000000000000e+03	79.9217	0.2
1.453000000000000000e+03	79.8583	0.2
1.454000000000000000e+03	79.8084	0.2
1.455000000000000000e+03	79.7579	0.2
1.456000000000000000e+03	79.709	0.2
1.457000000000000000e+03	79.6688	0.2
1.458000000000000000e+03	79.6277	0.2
1.459000000000000000e+03	79.5947	0.2
1.460000000000000000e+03	79.5727	0.2
1.461000000000000000e+03	79.5513	0.2
1.462000000000000000e+03	79.5406	0.2
1.463000000000000000e+03	79.5534	0.2
1.464000000000000000e+03	79.5969	0.2
1.465000000000000000e+03	79.6494	0.2
1.466000000000000000e+03	79.7044	0.2
1.467000000000000000e+03	79.7909	0.2
1.468000000000000000e+03	79.8707	0.2
1.469000000000000000e+03	79.9447	0.2
1.470000000000000000e+03	80.027	0.2
1.471000000000000000e+03	80.1203	0.2
1.472000000000000000e+03	80.2199	0.2
1.473000000000000000e+03	80.3155	0.2
1.474000000000000000e+03	80.403	0.2
1.475000000000000000e+03	80.4982	0.2
1.476000000000000000e+03	80.5905	0.2
1.477000000000000000e+03	80.685	0.2
1.478000000000000000e+03	80.7831	0.2
1.479000000000000000e+03	80.8643	0.2
1.480000000000000000e+03	80.9436	0.2
1.481000000000000000e+03	81.0192	0.2
1.482000000000000000e+03	81.0762	0.2
1.483000000000000000e+03	81.1295	0.2
1.484000000000000000e+03	81.1819	0.2
1.485000000000000000e+03	81.2397	0.2
1.486000000000000000e+03	81.3216	0.2
1.487000000000000000e+03	81.4231	0.2
1.488000000000000000e+03	81.5346	0.2
1.489000000000000000e+03	81.6423	0.2
1.490000000000000000e+03	81.7672	0.2
1.491000000000000000e+03	81.9212	0.2
1.492000000000000000e+03	82.0729	0.2
1.493000000000000000e+03	82.239	0.2
1.494000000000000000e+03	82.4261	0.2
1.495000000000000000e+03	82.6232	0.2
1.496000000000000000e+03	82.8033	0.2
1.497000000000000000e+03	82.9638	0.2
1.498000000000000000e+03	83.1071	0.2
1.499000000000000000e+03	83.2314	0.2
1.500000000000000000e+03	83.3201	0.2
1.501000000000000000e+03	83.3521	0.2
1.502000000000000000e+03	83.3281	0.2
1.503000000000000000e+03	83.2571	0.2
1.504000000000000000e+03	83.1482	0.2
1.505000000000000000e+03	83.0038	0.2
1.506000000000000000e+03	82.8229	0.2
1.507000000000000000e+03	82.6092	0.2
1.508000000000000000e+03	82.3848	0.2
1.509000000000000000e+03	82.1596	0.2
1.510000000000000000e+03	81.9328	0.2
1.511000000000000000e+03	81.7213	0.2
1.512000000000000000e+03	81.5409	0.2
1.513000000000000000e+03	81.3921	0.2
1.514000000000000000e+03	81.2901	0.2
1.515000000000000000e+03	81.2332	0.2
1.516000000000000000e+03	81.2108	0.2
1.517000000000000000e+03	81.2075	0.2
1.518000000000000000e+03	81.2303	0.2
1.519000000000000000e+03	81.2742	0.2
1.520000000000000000e+03	81.3415	0.2
1.521000000000000000e+03	81.4189	0.2
1.522000000000000000e+03	81.4837	0.2
1.523000000000000000e+03	81.5169	0.2
1.524000000000000000e+03	81.5238	0.2
1.525000000000000000e+03	81.5083	0.2
1.526000000000000000e+03	81.4771	0.2
1.527000000000000000e+03	81.428	0.2
1.528000000000000000e+03	81.3618	0.2
1.529000000000000000e+03	81.2814	0.2
1.530000000000000000e+03	81.1931	0.2
1.531000000000000000e+03	81.0869	0.2
1.532000000000000000e+03	80.9751	0.2
1.533000000000000000e+03	80.8685	0.2
1.534000000000000000e+03	80.7663	0.2
1.535000000000000000e+03	80.6768	0.2
1.536000000000000000e+03	80.6061	0.2
1.537000000000000000e+03	80.5454	0.2
1.538000000000000000e+03	80.4959	0.2
1.539000000000000000e+03	80.4576	0.2
1.540000000000000000e+03	80.4267	0.2
1.541000000000000000e+03	80.4052	0.2
1.542000000000000000e+03	80.4027	0.2
1.543000000000000000e+03	80.4204	0.2
1.544000000000000000e+03	80.4547	0.2
1.545000000000000000e+03	80.4817	0.2
1.546000000000000000e+03	80.5092	0.2
1.547000000000000000e+03	80.5456	0.2
1.548000000000000000e+03	80.5911	0.2
1.549000000000000000e+03	80.6304	0.2
1.550000000000000000e+03	80.6761	0.2
1.551000000000000000e+03	80.7224	0.2
1.552000000000000000e+03	80.7644	0.2
1.553000000000000000e+03	80.8161	0.2
1.554000000000000000e+03	80.8743	0.2
1.555000000000000000e+03	80.9195	0.2
1.556000000000000000e+03	80.9505	0.2
1.557000000000000000e+03	80.9767	0.2
1.558000000000000000e+03	81.0039	0.2
1.559000000000000000e+03	81.0366	0.2
1.560000000000000000e+03	81.0808	0.2
1.561000000000000000e+03	81.1283	0.2
1.562000000000000000e+03	81.1784	0.2
1.563000000000000000e+03	81.2352	0.2
1.564000000000000000e+03	81.2958	0.2
1.565000000000000000e+03	81.3569	0.2
1.566000000000000000e+03	81.4158	0.2
1.567000000000000000e+03	81.4771	0.2
1.568000000000000000e+03	81.5279	0.2
1.569000000000000000e+03	81.5579	0.2
1.570000000000000000e+03	81.576	0.2
1.571000000000000000e+03	81.5865	0.2
1.572000000000000000e+03	81.5925	0.2
1.573000000000000000e+03	81.5874	0.2
1.574000000000000000e+03	81.5827	0.2
1.575000000000000000e+03	81.5702	0.2
1.576000000000000000e+03	81.5388	0.2
1.577000000000000000e+03	81.5057	0.2
1.578000000000000000e+03	81.4685	0.2
1.579000000000000000e+03	81.4362	0.2
1.580000000000000000e+03	81.4071	0.2
1.581000000000000000e+03	81.3825	0.2
1.582000000000000000e+03	81.3769	0.2
1.583000000000000000e+03	81.3838	0.2
1.584000000000000000e+03	81.4045	0.2
1.585000000000000000e+03	81.4413	0.2
1.586000000000000000e+03	81.4904	0.2
1.587000000000000000e+03	81.5589	0.2
1.588000000000000000e+03	81.6437	0.2
1.589000000000000000e+03	81.7359	0.2
1.590000000000000000e+03	81.8347	0.2
1.591000000000000000e+03	81.9448	0.2
1.592000000000000000e+03	82.0515	0.2
1.593000000000000000e+03	82.1582	0.2
1.594000000000000000e+03	82.2682	0.2
1.595000000000000000e+03	82.3741	0.2
1.596000000000000000e+03	82.4765	0.2
1.597000000000000000e+03	82.5638	0.2
1.598000000000000000e+03	82.6507	0.2
1.599000000000000000e+03	82.74	0.2
1.600000000000000000e+03	82.8211	0.2
1.601000000000000000e+03	82.9003	0.2
1.602000000000000000e+03	82.9715	0.2
1.603000000000000000e+03	83.0251	0.2
1.604000000000000000e+03	83.0445	0.2
1.605000000000000000e+03	83.0368	0.2
1.606000000000000000e+03	83.0164	0.2
1.607000000000000000e+03	82.9692	0.2
1.608000000000000000e+03	82.8965	0.2
1.609000000000000000e+03	82.8058	0.2
1.610000000000000000e+03	82.7091	0.2
1.611000000000000000e+03	82.6168	0.2
1.612000000000000000e+03	82.527	0.2
1.613000000000000000e+03	82.4508	0.2
1.614000000000000000e+03	82.3891	0.2
1.615000000000000000e+03	82.3416	0.2
1.616000000000000000e+03	82.3146	0.2
1.617000000000000000e+03	82.3023	0.2
1.618000000000000000e+03	82.2997	0.2
1.619000000000000000e+03	82.3118	0.2
1.620000000000000000e+03	82.3397	0.2
1.621000000000000000e+03	82.377	0.2
1.622000000000000000e+03	82.4265	0.2
1.623000000000000000e+03	82.4883	0.2
1.624000000000000000e+03	82.5494	0.2
1.625000000000000000e+03	82.5941	0.2
1.626000000000000000e+03	82.6165	0.2
1.627000000000000000e+03	82.6166	0.2
1.628000000000000000e+03	82.6021	0.2
1.629000000000000000e+03	82.5803	0.2
1.630000000000000000e+03	82.527	0.2
1.631000000000000000e+03	82.4437	0.2
1.632000000000000000e+03	82.3466	0.2
1.633000000000000000e+03	82.2313	0.2
1.634000000000000000e+03	82.1084	0.2
1.635000000000000000e+03	81.9847	0.2
1.636000000000000000e+03	81.865	0.2
1.637000000000000000e+03	81.7526	0.2
1.638000000000000000e+03	81.6459	0.2
1.639000000000000000e+03	81.5456	0.2
1.640000000000000000e+03	81.4561	0.2
1.641000000000000000e+03	81.374	0.2
1.642000000000000000e+03	81.3051	0.2
1.643000000000000000e+03	81.2535	0.2
1.644000000000000000e+03	81.2284	0.2
1.645000000000000000e+03	81.2332	0.2
1.646000000000000000e+03	81.2696	0.2
1.647000000000000000e+03	81.326	0.2
1.648000000000000000e+03	81.3948	0.2
1.649000000000000000e+03	81.4757	0.2
1.650000000000000000e+03	81.5749	0.2
1.651000000000000000e+03	81.6929	0.2
1.652000000000000000e+03	81.8233	0.2
1.653000000000000000e+03	81.9383	0.2
1.654000000000000000e+03	82.0318	0.2
1.655000000000000000e+03	82.1225	0.2
1.656000000000000000e+03	82.1875	0.2
1.657000000000000000e+03	82.2227	0.2
1.658000000000000000e+03	82.2448	0.2
1.659000000000000000e+03	82.2502	0.2
1.660000000000000000e+03	82.2295	0.2
1.661000000000000000e+03	82.1744	0.2
1.662000000000000000e+03	82.103	0.2
1.663000000000000000e+03	82.0159	0.2
1.664000000000000000e+03	81.9215	0.2
1.665000000000000000e+03	81.8274	0.2
1.666000000000000000e+03	81.7416	0.2
1.667000000000000000e+03	81.6725	0.2
1.668000000000000000e+03	81.6281	0.2
1.669000000000000000e+03	81.608	0.2
1.670000000000000000e+03	81.602	0.2
1.671000000000000000e+03	81.602	0.2
1.672000000000000000e+03	81.6186	0.2
1.673000000000000000e+03	81.6623	0.2
1.674000000000000000e+03	81.7424	0.2
1.675000000000000000e+03	81.8467	0.2
1.676000000000000000e+03	81.9613	0.2
1.677000000000000000e+03	82.076	0.2
1.678000000000000000e+03	82.2042	0.2
1.679000000000000000e+03	82.3395	0.2
1.680000000000000000e+03	82.4654	0.2
1.681000000000000000e+03	82.5899	0.2
1.682000000000000000e+03	82.7089	0.2
1.683000000000000000e+03	82.8078	0.2
1.684000000000000000e+03	82.8899	0.2
1.685000000000000000e+03	82.9685	0.2
1.686000000000000000e+03	83.0353	0.2
1.687000000000000000e+03	83.0852	0.2
1.688000000000000000e+03	83.1266	0.2
1.689000000000000000e+03	83.1663	0.2
1.690000000000000000e+03	83.201	0.2
1.691000000000000000e+03	83.2258	0.2
1.692000000000000000e+03	83.239	0.2
1.693000000000000000e+03	83.2475	0.2
1.694000000000000000e+03	83.2505	0.2
1.695000000000000000e+03	83.2487	0.2
1.696000000000000000e+03	83.2494	0.2
1.697000000000000000e+03	83.254	0.2
1.698000000000000000e+03	83.2551	0.2
1.699000000000000000e+03	83.2483	0.2
1.700000000000000000e+03	83.2335	0.2
1.701000000000000000e+03	83.2122	0.2
1.702000000000000000e+03	83.194	0.2
1.703000000000000000e+03	83.1649	0.2
1.704000000000000000e+03	83.1196	0.2
1.705000000000000000e+03	83.0644	0.2
1.706000000000000000e+03	83.0113	0.2
1.707000000000000000e+03	82.9651	0.2
1.708000000000000000e+03	82.9338	0.2
1.709000000000000000e+03	82.9128	0.2
1.710000000000000000e+03	82.8763	0.2
1.711000000000000000e+03	82.8416	0.2
1.712000000000000000e+03	82.8136	0.2
1.713000000000000000e+03	82.7882	0.2
1.714000000000000000e+03	82.7565	0.2
1.715000000000000000e+03	82.7182	0.2
1.716000000000000000e+03	82.6862	0.2
1.717000000000000000e+03	82.6658	0.2
1.718000000000000000e+03	82.6481	0.2
1.719000000000000000e+03	82.6321	0.2
1.720000000000000000e+03	82.6224	0.2
1.721000000000000000e+03	82.6198	0.2
1.722000000000000000e+03	82.6232	0.2
1.723000000000000000e+03	82.6296	0.2
1.724000000000000000e+03	82.6345	0.2
1.725000000000000000e+03	82.6539	0.2
1.726000000000000000e+03	82.6769	0.2
1.727000000000000000e+03	82.6875	0.2
1.728000000000000000e+03	82.695	0.2
1.729000000000000000e+03	82.7012	0.2
1.730000000000000000e+03	82.7108	0.2
1.731000000000000000e+03	82.7181	0.2
1.732000000000000000e+03	82.7217	0.2
1.733000000000000000e+03	82.7148	0.2
1.734000000000000000e+03	82.689	0.2
1.735000000000000000e+03	82.6489	0.2
1.736000000000000000e+03	82.6074	0.2
1.737000000000000000e+03	82.5553	0.2
1.738000000000000000e+03	82.484	0.2
1.739000000000000000e+03	82.4054	0.2
1.740000000000000000e+03	82.3259	0.2
1.741000000000000000e+03	82.2458	0.2
1.742000000000000000e+03	82.1859	0.2
1.743000000000000000e+03	82.1527	0.2
1.744000000000000000e+03	82.1353	0.2
1.745000000000000000e+03	82.1299	0.2
1.746000000000000000e+03	82.1294	0.2
1.747000000000000000e+03	82.1381	0.2
1.748000000000000000e+03	82.1713	0.2
1.749000000000000000e+03	82.2356	0.2
1.750000000000000000e+03	82.3075	0.2
1.751000000000000000e+03	82.3841	0.2
1.752000000000000000e+03	82.4635	0.2
1.753000000000000000e+03	82.5466	0.2
1.754000000000000000e+03	82.6374	0.2
1.755000000000000000e+03	82.7356	0.2
1.756000000000000000e+03	82.8478	0.2
1.757000000000000000e+03	82.9674	0.2
1.758000000000000000e+03	83.0885	0.2
1.759000000000000000e+03	83.1967	0.2
1.760000000000000000e+03	83.2961	0.2
1.761000000000000000e+03	83.3924	0.2
1.762000000000000000e+03	83.4813	0.2
1.763000000000000000e+03	83.571	0.2
1.764000000000000000e+03	83.6739	0.2
1.765000000000000000e+03	83.7825	0.2
1.766000000000000000e+03	83.892	0.2
1.767000000000000000e+03	84.0086	0.2
1.768000000000000000e+03	84.116	0.2
1.769000000000000000e+03	84.2102	0.2
1.770000000000000000e+03	84.3007	0.2
1.771000000000000000e+03	84.3911	0.2
1.772000000000000000e+03	84.4772	0.2
1.773000000000000000e+03	84.551	0.2
1.774000000000000000e+03	84.6072	0.2
1.775000000000000000e+03	84.6468	0.2
1.776000000000000000e+03	84.6715	0.2
1.777000000000000000e+03	84.6844	0.2
1.778000000000000000e+03	84.6834	0.2
1.779000000000000000e+03	84.6712	0.2
1.780000000000000000e+03	84.6526	0.2
1.781000000000000000e+03	84.622	0.2
1.782000000000000000e+03	84.5763	0.2
1.783000000000000000e+03	84.5182	0.2
1.784000000000000000e+03	84.466	0.2
1.785000000000000000e+03	84.4248	0.2
1.786000000000000000e+03	84.3831	0.2
1.787000000000000000e+03	84.3654	0.2
1.788000000000000000e+03	84.3807	0.2
1.789000000000000000e+03	84.408	0.2
1.790000000000000000e+03	84.4465	0.2
1.791000000000000000e+03	84.5069	0.2
1.792000000000000000e+03	84.5623	0.2
1.793000000000000000e+03	84.6049	0.2
1.794000000000000000e+03	84.649	0.2
1.795000000000000000e+03	84.689	0.2
1.796000000000000000e+03	84.7144	0.2
1.797000000000000000e+03	84.72	0.2
1.798000000000000000e+03	84.7013	0.2
1.799000000000000000e+03	84.6547	0.2
1.800000000000000000e+03	84.5867	0.2
1.801000000000000000e+03	84.4957	0.2
1.802000000000000000e+03	84.3762	0.2
1.803000000000000000e+03	84.2499	0.2
1.804000000000000000e+03	84.1175	0.2
1.805000000000000000e+03	83.9717	0.2
1.806000000000000000e+03	83.8162	0.2
1.807000000000000000e+03	83.6591	0.2
1.808000000000000000e+03	83.5072	0.2
1.809000000000000000e+03	83.3705	0.2
1.810000000000000000e+03	83.2614	0.2
1.811000000000000000e+03	83.189	0.2
1.812000000000000000e+03	83.1387	0.2
1.813000000000000000e+03	83.1044	0.2
1.814000000000000000e+03	83.1102	0.2
1.815000000000000000e+03	83.1592	0.2
1.816000000000000000e+03	83.2364	0.2
1.817000000000000000e+03	83.3363	0.2
1.818000000000000000e+03	83.4546	0.2
1.819000000000000000e+03	83.5778	0.2
1.820000000000000000e+03	83.6976	0.2
1.821000000000000000e+03	83.785	0.2
1.822000000000000000e+03	83.8428	0.2
1.823000000000000000e+03	83.8774	0.2
1.824000000000000000e+03	83.8997	0.2
1.825000000000000000e+03	83.8869	0.2
1.826000000000000000e+03	83.843	0.2
1.827000000000000000e+03	83.7846	0.2
1.828000000000000000e+03	83.7066	0.2
1.829000000000000000e+03	83.6092	0.2
1.830000000000000000e+03	83.5012	0.2
1.831000000000000000e+03	83.3756	0.2
1.832000000000000000e+03	83.2464	0.2
1.833000000000000000e+03	83.1224	0.2
1.834000000000000000e+03	82.9993	0.2
1.835000000000000000e+03	82.8785	0.2
1.836000000000000000e+03	82.7647	0.2
1.837000000000000000e+03	82.6706	0.2
1.838000000000000000e+03	82.6166	0.2
1.839000000000000000e+03	82.5855	0.2
1.840000000000000000e+03	82.5676	0.2
1.841000000000000000e+03	82.5612	0.2
1.842000000000000000e+03	82.5586	0.2
1.843000000000000000e+03	82.5586	0.2
1.844000000000000000e+03	82.5527	0.2
1.845000000000000000e+03	82.5474	0.2
1.846000000000000000e+03	82.5565	0.2
1.847000000000000000e+03	82.5755	0.2
1.848000000000000000e+03	82.6081	0.2
1.849000000000000000e+03	82.6377	0.2
1.850000000000000000e+03	82.672	0.2
1.851000000000000000e+03	82.7155	0.2
1.852000000000000000e+03	82.7802	0.2
1.853000000000000000e+03	82.8621	0.2
1.854000000000000000e+03	82.9568	0.2
1.855000000000000000e+03	83.0567	0.2
1.856000000000000000e+03	83.1685	0.2
1.857000000000000000e+03	83.2928	0.2
1.858000000000000000e+03	83.4222	0.2
1.859000000000000000e+03	83.5517	0.2
1.860000000000000000e+03	83.6893	0.2
1.861000000000000000e+03	83.8368	0.2
1.862000000000000000e+03	83.9912	0.2
1.863000000000000000e+03	84.1445	0.2
1.864000000000000000e+03	84.2958	0.2
1.865000000000000000e+03	84.4243	0.2
1.866000000000000000e+03	84.5455	0.2
1.867000000000000000e+03	84.6384	0.2
1.868000000000000000e+03	84.6873	0.2
1.869000000000000000e+03	84.7088	0.2
1.870000000000000000e+03	84.6547	0.2
1.871000000000000000e+03	84.5389	0.2
1.872000000000000000e+03	84.383	0.2
1.873000000000000000e+03	84.1869	0.2
1.874000000000000000e+03	83.9584	0.2
1.875000000000000000e+03	83.7117	0.2
1.876000000000000000e+03	83.4568	0.2
1.877000000000000000e+03	83.1955	0.2
1.878000000000000000e+03	82.9323	0.2
1.879000000000000000e+03	82.6893	0.2
1.880000000000000000e+03	82.4832	0.2
1.881000000000000000e+03	82.318	0.2
1.882000000000000000e+03	82.1808	0.2
1.883000000000000000e+03	82.0729	0.2
1.884000000000000000e+03	82.0179	0.2
1.885000000000000000e+03	82.0022	0.2
1.886000000000000000e+03	82.019	0.2
1.887000000000000000e+03	82.065	0.2
1.888000000000000000e+03	82.1473	0.2
1.889000000000000000e+03	82.2374	0.2
1.890000000000000000e+03	82.3247	0.2
1.891000000000000000e+03	82.3894	0.2
1.892000000000000000e+03	82.4367	0.2
1.893000000000000000e+03	82.4837	0.2
1.894000000000000000e+03	82.5143	0.2
1.895000000000000000e+03	82.5593	0.2
1.896000000000000000e+03	82.6232	0.2
1.897000000000000000e+03	82.6833	0.2
1.898000000000000000e+03	82.7374	0.2
1.899000000000000000e+03	82.7892	0.2
1.900000000000000000e+03	82.8418	0.2
1.901000000000000000e+03	82.9048	0.2
1.902000000000000000e+03	82.985	0.2
1.903000000000000000e+03	83.08	0.2
1.904000000000000000e+03	83.1757	0.2
1.905000000000000000e+03	83.2599	0.2
1.906000000000000000e+03	83.3222	0.2
1.907000000000000000e+03	83.3709	0.2
1.908000000000000000e+03	83.4208	0.2
1.909000000000000000e+03	83.4717	0.2
1.910000000000000000e+03	83.5308	0.2
1.911000000000000000e+03	83.5819	0.2
1.912000000000000000e+03	83.6272	0.2
1.913000000000000000e+03	83.6524	0.2
1.914000000000000000e+03	83.6628	0.2
1.915000000000000000e+03	83.6796	0.2
1.916000000000000000e+03	83.7035	0.2
1.917000000000000000e+03	83.7323	0.2
1.918000000000000000e+03	83.7553	0.2
1.919000000000000000e+03	83.7631	0.2
1.920000000000000000e+03	83.7399	0.2
1.921000000000000000e+03	83.687	0.2
1.922000000000000000e+03	83.6168	0.2
1.923000000000000000e+03	83.5343	0.2
1.924000000000000000e+03	83.4486	0.2
1.925000000000000000e+03	83.3623	0.2
1.926000000000000000e+03	83.2714	0.2
1.927000000000000000e+03	83.1735	0.2
1.928000000000000000e+03	83.0682	0.2
1.929000000000000000e+03	82.9502	0.2
1.930000000000000000e+03	82.8259	0.2
1.931000000000000000e+03	82.7191	0.2
1.932000000000000000e+03	82.6445	0.2
1.933000000000000000e+03	82.5896	0.2
1.934000000000000000e+03	82.5487	0.2
1.935000000000000000e+03	82.5185	0.2
1.936000000000000000e+03	82.5275	0.2
1.937000000000000000e+03	82.5553	0.2
1.938000000000000000e+03	82.5968	0.2
1.939000000000000000e+03	82.6499	0.2
1.940000000000000000e+03	82.7196	0.2
1.941000000000000000e+03	82.7949	0.2
1.942000000000000000e+03	82.863	0.2
1.943000000000000000e+03	82.9119	0.2
1.944000000000000000e+03	82.9606	0.2
1.945000000000000000e+03	83.0199	0.2
1.946000000000000000e+03	83.0655	0.2
1.947000000000000000e+03	83.1014	0.2
1.948000000000000000e+03	83.1284	0.2
1.949000000000000000e+03	83.1422	0.2
1.950000000000000000e+03	83.1382	0.2
1.951000000000000000e+03	83.1193	0.2
1.952000000000000000e+03	83.0817	0.2
1.953000000000000000e+03	83.0255	0.2
1.954000000000000000e+03	82.9706	0.2
1.955000000000000000e+03	82.9167	0.2
1.956000000000000000e+03	82.8466	0.2
1.957000000000000000e+03	82.7718	0.2
1.958000000000000000e+03	82.7099	0.2
1.959000000000000000e+03	82.6645	0.2
1.960000000000000000e+03	82.6272	0.2
1.961000000000000000e+03	82.5719	0.2
1.962000000000000000e+03	82.5087	0.2
1.963000000000000000e+03	82.4415	0.2
1.964000000000000000e+03	82.3712	0.2
1.965000000000000000e+03	82.2949	0.2
1.966000000000000000e+03	82.2164	0.2
1.967000000000000000e+03	82.1373	0.2
1.968000000000000000e+03	82.0641	0.2
1.969000000000000000e+03	81.9847	0.2
1.970000000000000000e+03	81.8943	0.2
1.971000000000000000e+03	81.807	0.2
1.972000000000000000e+03	81.7276	0.2
1.973000000000000000e+03	81.6625	0.2
1.974000000000000000e+03	81.6147	0.2
1.975000000000000000e+03	81.5804	0.2
1.976000000000000000e+03	81.5608	0.2
1.977000000000000000e+03	81.5693	0.2
1.978000000000000000e+03	81.6033	0.2
1.979000000000000000e+03	81.6572	0.2
1.980000000000000000e+03	81.7388	0.2
1.981000000000000000e+03	81.8613	0.2
1.982000000000000000e+03	82.0101	0.2
1.983000000000000000e+03	82.1745	0.2
1.984000000000000000e+03	82.3495	0.2
1.985000000000000000e+03	82.5126	0.2
1.986000000000000000e+03	82.6612	0.2
1.987000000000000000e+03	82.7994	0.2
1.988000000000000000e+03	82.922	0.2
1.989000000000000000e+03	83.0284	0.2
1.990000000000000000e+03	83.1096	0.2
1.991000000000000000e+03	83.1611	0.2
1.992000000000000000e+03	83.1792	0.2
1.993000000000000000e+03	83.1759	0.2
1.994000000000000000e+03	83.1562	0.2
1.995000000000000000e+03	83.1202	0.2
1.996000000000000000e+03	83.0705	0.2
1.997000000000000000e+03	82.9957	0.2
1.998000000000000000e+03	82.892	0.2
1.999000000000000000e+03	82.7745	0.2
2.000000000000000000e+03	82.6657	0.2
2.001000000000000000e+03	82.5717	0.2
2.002000000000000000e+03	82.4741	0.2
2.003000000000000000e+03	82.3922	0.2
2.004000000000000000e+03	82.3355	0.2
2.005000000000000000e+03	82.2982	0.2
2.006000000000000000e+03	82.284	0.2
2.007000000000000000e+03	82.2944	0.2
2.008000000000000000e+03	82.3287	0.2
2.009000000000000000e+03	82.3768	0.2
2.010000000000000000e+03	82.4499	0.2
2.011000000000000000e+03	82.5395	0.2
2.012000000000000000e+03	82.6418	0.2
2.013000000000000000e+03	82.7561	0.2
2.014000000000000000e+03	82.8793	0.2
2.015000000000000000e+03	83.0157	0.2
2.016000000000000000e+03	83.1583	0.2
2.017000000000000000e+03	83.2995	0.2
2.018000000000000000e+03	83.435	0.2
2.019000000000000000e+03	83.559	0.2
2.020000000000000000e+03	83.6718	0.2
2.021000000000000000e+03	83.7672	0.2
2.022000000000000000e+03	83.8485	0.2
2.023000000000000000e+03	83.921	0.2
2.024000000000000000e+03	83.9813	0.2
2.025000000000000000e+03	84.0264	0.2
2.026000000000000000e+03	84.0535	0.2
2.027000000000000000e+03	84.0752	0.2
2.028000000000000000e+03	84.0937	0.2
2.029000000000000000e+03	84.1113	0.2
2.030000000000000000e+03	84.1271	0.2
2.031000000000000000e+03	84.1328	0.2
2.032000000000000000e+03	84.1353	0.2
2.033000000000000000e+03	84.1393	0.2
2.034000000000000000e+03	84.1479	0.2
2.035000000000000000e+03	84.1572	0.2
2.036000000000000000e+03	84.1743	0.2
2.037000000000000000e+03	84.2012	0.2
2.038000000000000000e+03	84.238	0.2
2.039000000000000000e+03	84.2896	0.2
2.040000000000000000e+03	84.3454	0.2
2.041000000000000000e+03	84.3961	0.2
2.042000000000000000e+03	84.4637	0.2
2.043000000000000000e+03	84.5522	0.2
2.044000000000000000e+03	84.6571	0.2
2.045000000000000000e+03	84.7645	0.2
2.046000000000000000e+03	84.864	0.2
2.047000000000000000e+03	84.9558	0.2
2.048000000000000000e+03	85.0436	0.2
2.049000000000000000e+03	85.1228	0.2
2.050000000000000000e+03	85.1866	0.2
2.051000000000000000e+03	85.223	0.2
2.052000000000000000e+03	85.2192	0.2
2.053000000000000000e+03	85.1677	0.2
2.054000000000000000e+03	85.0683	0.2
2.055000000000000000e+03	84.9343	0.2
2.056000000000000000e+03	84.7856	0.2
2.057000000000000000e+03	84.6256	0.2
2.058000000000000000e+03	84.4547	0.2
2.059000000000000000e+03	84.2729	0.2
2.060000000000000000e+03	84.0885	0.2
2.061000000000000000e+03	83.9187	0.2
2.062000000000000000e+03	83.7646	0.2
2.063000000000000000e+03	83.6227	0.2
2.064000000000000000e+03	83.5057	0.2
2.065000000000000000e+03	83.4234	0.2
2.066000000000000000e+03	83.3801	0.2
2.067000000000000000e+03	83.3618	0.2
2.068000000000000000e+03	83.3591	0.2
2.069000000000000000e+03	83.3753	0.2
2.070000000000000000e+03	83.407	0.2
2.071000000000000000e+03	83.452	0.2
2.072000000000000000e+03	83.5081	0.2
2.073000000000000000e+03	83.5708	0.2
2.074000000000000000e+03	83.6337	0.2
2.075000000000000000e+03	83.6813	0.2
2.076000000000000000e+03	83.7125	0.2
2.077000000000000000e+03	83.736	0.2
2.078000000000000000e+03	83.7643	0.2
2.079000000000000000e+03	83.8025	0.2
2.080000000000000000e+03	83.8444	0.2
2.081000000000000000e+03	83.8837	0.2
2.082000000000000000e+03	83.9271	0.2
2.083000000000000000e+03	83.9703	0.2
2.084000000000000000e+03	84.0103	0.2
2.085000000000000000e+03	84.0553	0.2
2.086000000000000000e+03	84.0919	0.2
2.087000000000000000e+03	84.1125	0.2
2.088000000000000000e+03	84.1251	0.2
2.089000000000000000e+03	84.1382	0.2
2.090000000000000000e+03	84.1348	0.2
2.091000000000000000e+03	84.1171	0.2
2.092000000000000000e+03	84.0911	0.2
2.093000000000000000e+03	84.0606	0.2
2.094000000000000000e+03	84.025	0.2
2.095000000000000000e+03	83.9857	0.2
2.096000000000000000e+03	83.9433	0.2
2.097000000000000000e+03	83.9152	0.2
2.098000000000000000e+03	83.8925	0.2
2.099000000000000000e+03	83.8644	0.2
2.100000000000000000e+03	83.8309	0.2
2.101000000000000000e+03	83.7979	0.2
2.102000000000000000e+03	83.7624	0.2
2.103000000000000000e+03	83.7239	0.2
2.104000000000000000e+03	83.6775	0.2
2.105000000000000000e+03	83.6228	0.2
2.106000000000000000e+03	83.5637	0.2
2.107000000000000000e+03	83.4891	0.2
2.108000000000000000e+03	83.4007	0.2
2.109000000000000000e+03	83.3036	0.2
2.110000000000000000e+03	83.1994	0.2
2.111000000000000000e+03	83.0854	0.2
2.112000000000000000e+03	82.9712	0.2
2.113000000000000000e+03	82.8683	0.2
2.114000000000000000e+03	82.7611	0.2
2.115000000000000000e+03	82.6616	0.2
2.116000000000000000e+03	82.5739	0.2
2.117000000000000000e+03	82.4914	0.2
2.118000000000000000e+03	82.4171	0.2
2.119000000000000000e+03	82.3524	0.2
2.120000000000000000e+03	82.3106	0.2
2.121000000000000000e+03	82.2913	0.2
2.122000000000000000e+03	82.274	0.2
2.123000000000000000e+03	82.2573	0.2
2.124000000000000000e+03	82.2452	0.2
2.125000000000000000e+03	82.2436	0.2
2.126000000000000000e+03	82.2496	0.2
2.127000000000000000e+03	82.2587	0.2
2.128000000000000000e+03	82.2681	0.2
2.129000000000000000e+03	82.2804	0.2
2.130000000000000000e+03	82.2905	0.2
2.131000000000000000e+03	82.3004	0.2
2.132000000000000000e+03	82.3121	0.2
2.133000000000000000e+03	82.3333	0.2
2.134000000000000000e+03	82.3501	0.2
2.135000000000000000e+03	82.3534	0.2
2.136000000000000000e+03	82.3629	0.2
2.137000000000000000e+03	82.3712	0.2
2.138000000000000000e+03	82.3765	0.2
2.139000000000000000e+03	82.3953	0.2
2.140000000000000000e+03	82.4158	0.2
2.141000000000000000e+03	82.4251	0.2
2.142000000000000000e+03	82.437	0.2
2.143000000000000000e+03	82.455	0.2
2.144000000000000000e+03	82.4746	0.2
2.145000000000000000e+03	82.491	0.2
2.146000000000000000e+03	82.511	0.2
2.147000000000000000e+03	82.5373	0.2
2.148000000000000000e+03	82.5675	0.2
2.149000000000000000e+03	82.6038	0.2
2.150000000000000000e+03	82.6415	0.2
2.151000000000000000e+03	82.677	0.2
2.152000000000000000e+03	82.7152	0.2
2.153000000000000000e+03	82.7567	0.2
2.154000000000000000e+03	82.7953	0.2
2.155000000000000000e+03	82.8348	0.2
2.156000000000000000e+03	82.8737	0.2
2.157000000000000000e+03	82.9061	0.2
2.158000000000000000e+03	82.9179	0.2
2.159000000000000000e+03	82.9287	0.2
2.160000000000000000e+03	82.9469	0.2
2.161000000000000000e+03	82.961	0.2
2.162000000000000000e+03	82.9741	0.2
2.163000000000000000e+03	82.9967	0.2
2.164000000000000000e+03	83.0211	0.2
2.165000000000000000e+03	83.0469	0.2
2.166000000000000000e+03	83.077	0.2
2.167000000000000000e+03	83.098	0.2
2.168000000000000000e+03	83.1196	0.2
2.169000000000000000e+03	83.1473	0.2
2.170000000000000000e+03	83.1756	0.2
2.171000000000000000e+03	83.2107	0.2
2.172000000000000000e+03	83.2431	0.2
2.173000000000000000e+03	83.2739	0.2
2.174000000000000000e+03	83.3052	0.2
2.175000000000000000e+03	83.34	0.2
2.176000000000000000e+03	83.3777	0.2
2.177000000000000000e+03	83.4137	0.2
2.178000000000000000e+03	83.4465	0.2
2.179000000000000000e+03	83.4758	0.2
2.180000000000000000e+03	83.5035	0.2
2.181000000000000000e+03	83.5262	0.2
2.182000000000000000e+03	83.5443	0.2
2.183000000000000000e+03	83.5625	0.2
2.184000000000000000e+03	83.5832	0.2
2.185000000000000000e+03	83.5983	0.2
2.186000000000000000e+03	83.6037	0.2
2.187000000000000000e+03	83.6056	0.2
2.188000000000000000e+03	83.6132	0.2
2.189000000000000000e+03	83.637	0.2
2.190000000000000000e+03	83.6484	0.2
2.191000000000000000e+03	83.6533	0.2
2.192000000000000000e+03	83.6738	0.2
2.193000000000000000e+03	83.6955	0.2
2.194000000000000000e+03	83.7256	0.2
2.195000000000000000e+03	83.7764	0.2
2.196000000000000000e+03	83.8313	0.2
2.197000000000000000e+03	83.8797	0.2
2.198000000000000000e+03	83.9235	0.2
2.199000000000000000e+03	83.9812	0.2
2.200000000000000000e+03	84.0398	0.2
2.201000000000000000e+03	84.0943	0.2
2.202000000000000000e+03	84.1473	0.2
2.203000000000000000e+03	84.1943	0.2
2.204000000000000000e+03	84.2404	0.2
2.205000000000000000e+03	84.2842	0.2
2.206000000000000000e+03	84.3218	0.2
2.207000000000000000e+03	84.3454	0.2
2.208000000000000000e+03	84.3545	0.2
2.209000000000000000e+03	84.3457	0.2
2.210000000000000000e+03	84.3296	0.2
2.211000000000000000e+03	84.3063	0.2
2.212000000000000000e+03	84.2739	0.2
2.213000000000000000e+03	84.2278	0.2
2.214000000000000000e+03	84.1745	0.2
2.215000000000000000e+03	84.1227	0.2
2.216000000000000000e+03	84.0647	0.2
2.217000000000000000e+03	83.9964	0.2
2.218000000000000000e+03	83.9321	0.2
2.219000000000000000e+03	83.8752	0.2
2.220000000000000000e+03	83.8114	0.2
2.221000000000000000e+03	83.7444	0.2
2.222000000000000000e+03	83.6969	0.2
2.223000000000000000e+03	83.6809	0.2
2.224000000000000000e+03	83.6675	0.2
2.225000000000000000e+03	83.652	0.2
2.226000000000000000e+03	83.6451	0.2
2.227000000000000000e+03	83.6417	0.2
2.228000000000000000e+03	83.6377	0.2
2.229000000000000000e+03	83.6463	0.2
2.230000000000000000e+03	83.6601	0.2
2.231000000000000000e+03	83.6704	0.2
2.232000000000000000e+03	83.6844	0.2
2.233000000000000000e+03	83.705	0.2
2.234000000000000000e+03	83.7293	0.2
2.235000000000000000e+03	83.7407	0.2
2.236000000000000000e+03	83.7371	0.2
2.237000000000000000e+03	83.7376	0.2
2.238000000000000000e+03	83.7554	0.2
2.239000000000000000e+03	83.761	0.2
2.240000000000000000e+03	83.7568	0.2
2.241000000000000000e+03	83.7533	0.2
2.242000000000000000e+03	83.7475	0.2
2.243000000000000000e+03	83.7423	0.2
2.244000000000000000e+03	83.7389	0.2
2.245000000000000000e+03	83.7434	0.2
2.246000000000000000e+03	83.759	0.2
2.247000000000000000e+03	83.7763	0.2
2.248000000000000000e+03	83.777	0.2
2.249000000000000000e+03	83.7617	0.2
2.250000000000000000e+03	83.7391	0.2
2.251000000000000000e+03	83.7032	0.2
2.252000000000000000e+03	83.6649	0.2
2.253000000000000000e+03	83.6401	0.2
2.254000000000000000e+03	83.6124	0.2
2.255000000000000000e+03	83.5808	0.2
2.256000000000000000e+03	83.5559	0.2
2.257000000000000000e+03	83.536	0.2
2.258000000000000000e+03	83.5153	0.2
2.259000000000000000e+03	83.4803	0.2
2.260000000000000000e+03	83.4358	0.2
2.261000000000000000e+03	83.3945	0.2
2.262000000000000000e+03	83.3557	0.2
2.263000000000000000e+03	83.3144	0.2
2.264000000000000000e+03	83.2645	0.2
2.265000000000000000e+03	83.2011	0.2
2.266000000000000000e+03	83.1372	0.2
2.267000000000000000e+03	83.0894	0.2
2.268000000000000000e+03	83.0379	0.2
2.269000000000000000e+03	82.9803	0.2
2.270000000000000000e+03	82.9275	0.2
2.271000000000000000e+03	82.8739	0.2
2.272000000000000000e+03	82.8216	0.2
2.273000000000000000e+03	82.7841	0.2
2.274000000000000000e+03	82.7618	0.2
2.275000000000000000e+03	82.757	0.2
2.276000000000000000e+03	82.7635	0.2
2.277000000000000000e+03	82.7601	0.2
2.278000000000000000e+03	82.7647	0.2
2.279000000000000000e+03	82.7768	0.2
2.280000000000000000e+03	82.7883	0.2
2.281000000000000000e+03	82.7857	0.2
2.282000000000000000e+03	82.7834	0.2
2.283000000000000000e+03	82.7766	0.2
2.284000000000000000e+03	82.7659	0.2
2.285000000000000000e+03	82.7636	0.2
2.286000000000000000e+03	82.7616	0.2
2.287000000000000000e+03	82.7512	0.2
2.288000000000000000e+03	82.7255	0.2
2.289000000000000000e+03	82.7012	0.2
2.290000000000000000e+03	82.6745	0.2
2.291000000000000000e+03	82.6394	0.2
2.292000000000000000e+03	82.5797	0.2
2.293000000000000000e+03	82.5074	0.2
2.294000000000000000e+03	82.4425	0.2
2.295000000000000000e+03	82.3872	0.2
2.296000000000000000e+03	82.3446	0.2
2.297000000000000000e+03	82.298	0.2
2.298000000000000000e+03	82.2426	0.2
2.299000000000000000e+03	82.1847	0.2
2.300000000000000000e+03	82.1115	0.2
2.301000000000000000e+03	82.0269	0.2
2.302000000000000000e+03	81.9523	0.2
2.303000000000000000e+03	81.8667	0.2
2.304000000000000000e+03	81.7682	0.2
2.305000000000000000e+03	81.6755	0.2
2.306000000000000000e+03	81.6164	0.2
2.307000000000000000e+03	81.5612	0.2
2.308000000000000000e+03	81.5116	0.2
2.309000000000000000e+03	81.4835	0.2
2.310000000000000000e+03	81.4688	0.2
2.311000000000000000e+03	81.458	0.2
2.312000000000000000e+03	81.4492	0.2
2.313000000000000000e+03	81.4519	0.2
2.314000000000000000e+03	81.4529	0.2
2.315000000000000000e+03	81.4577	0.2
2.316000000000000000e+03	81.4564	0.2
2.317000000000000000e+03	81.4552	0.2
2.318000000000000000e+03	81.4645	0.2
2.319000000000000000e+03	81.4678	0.2
2.320000000000000000e+03	81.436	0.2
2.321000000000000000e+03	81.3799	0.2
2.322000000000000000e+03	81.3183	0.2
2.323000000000000000e+03	81.2347	0.2
2.324000000000000000e+03	81.1247	0.2
2.325000000000000000e+03	80.9983	0.2
2.326000000000000000e+03	80.8541	0.2
2.327000000000000000e+03	80.694	0.2
2.328000000000000000e+03	80.5211	0.2
2.329000000000000000e+03	80.3358	0.2
2.330000000000000000e+03	80.1558	0.2
2.331000000000000000e+03	79.9706	0.2
2.332000000000000000e+03	79.7963	0.2
2.333000000000000000e+03	79.6249	0.2
2.334000000000000000e+03	79.4601	0.2
2.335000000000000000e+03	79.3111	0.2
2.336000000000000000e+03	79.1795	0.2
2.337000000000000000e+03	79.0594	0.2
2.338000000000000000e+03	78.9521	0.2
2.339000000000000000e+03	78.862	0.2
2.340000000000000000e+03	78.7921	0.2
2.341000000000000000e+03	78.7425	0.2
2.342000000000000000e+03	78.6901	0.2
2.343000000000000000e+03	78.6474	0.2
2.344000000000000000e+03	78.6258	0.2
2.345000000000000000e+03	78.6417	0.2
2.346000000000000000e+03	78.6723	0.2
2.347000000000000000e+03	78.7071	0.2
2.348000000000000000e+03	78.7662	0.2
2.349000000000000000e+03	78.8261	0.2
2.350000000000000000e+03	78.8859	0.2
2.351000000000000000e+03	78.9542	0.2
2.352000000000000000e+03	79.01	0.2
2.353000000000000000e+03	79.0548	0.2
2.354000000000000000e+03	79.1013	0.2
2.355000000000000000e+03	79.1304	0.2
2.356000000000000000e+03	79.14	0.2
2.357000000000000000e+03	79.1221	0.2
2.358000000000000000e+03	79.0919	0.2
2.359000000000000000e+03	79.0488	0.2
2.360000000000000000e+03	78.9932	0.2
2.361000000000000000e+03	78.9207	0.2
2.362000000000000000e+03	78.8446	0.2
2.363000000000000000e+03	78.7778	0.2
2.364000000000000000e+03	78.7204	0.2
2.365000000000000000e+03	78.68	0.2
2.366000000000000000e+03	78.6776	0.2
2.367000000000000000e+03	78.7402	0.2
2.368000000000000000e+03	78.8582	0.2
2.369000000000000000e+03	79.0263	0.2
2.370000000000000000e+03	79.2446	0.2
2.371000000000000000e+03	79.5149	0.2
2.372000000000000000e+03	79.8362	0.2
2.373000000000000000e+03	80.1934	0.2
2.374000000000000000e+03	80.5999	0.2
2.375000000000000000e+03	81.0463	0.2
2.376000000000000000e+03	81.4957	0.2
2.377000000000000000e+03	81.9502	0.2
2.378000000000000000e+03	82.4016	0.2
2.379000000000000000e+03	82.8307	0.2
2.380000000000000000e+03	83.2204	0.2
2.381000000000000000e+03	83.5512	0.2
2.382000000000000000e+03	83.8383	0.2
2.383000000000000000e+03	84.0835	0.2
2.384000000000000000e+03	84.288	0.2
2.385000000000000000e+03	84.4378	0.2
2.386000000000000000e+03	84.5428	0.2
2.387000000000000000e+03	84.6137	0.2
2.388000000000000000e+03	84.6619	0.2
2.389000000000000000e+03	84.7021	0.2
2.390000000000000000e+03	84.7448	0.2
2.391000000000000000e+03	84.7831	0.2
2.392000000000000000e+03	84.8186	0.2
2.393000000000000000e+03	84.8557	0.2
2.394000000000000000e+03	84.8934	0.2
2.395000000000000000e+03	84.9288	0.2
2.396000000000000000e+03	84.9749	0.2
2.397000000000000000e+03	85.0323	0.2
2.398000000000000000e+03	85.0993	0.2
2.399000000000000000e+03	85.1695	0.2
2.400000000000000000e+03	85.2413	0.2
2.401000000000000000e+03	85.3208	0.2
2.402000000000000000e+03	85.3758	0.2
2.403000000000000000e+03	85.4111	0.2
2.404000000000000000e+03	85.4254	0.2
2.405000000000000000e+03	85.4256	0.2
2.406000000000000000e+03	85.4279	0.2
2.407000000000000000e+03	85.4232	0.2
2.408000000000000000e+03	85.4117	0.2
2.409000000000000000e+03	85.3948	0.2
2.410000000000000000e+03	85.3776	0.2
2.411000000000000000e+03	85.3628	0.2
2.412000000000000000e+03	85.3547	0.2
2.413000000000000000e+03	85.3535	0.2
2.414000000000000000e+03	85.3584	0.2
2.415000000000000000e+03	85.3604	0.2
2.416000000000000000e+03	85.3595	0.2
2.417000000000000000e+03	85.3547	0.2
2.418000000000000000e+03	85.3471	0.2
2.419000000000000000e+03	85.3399	0.2
2.420000000000000000e+03	85.3392	0.2
2.421000000000000000e+03	85.3414	0.2
2.422000000000000000e+03	85.3456	0.2
2.423000000000000000e+03	85.3523	0.2
2.424000000000000000e+03	85.3618	0.2
2.425000000000000000e+03	85.3658	0.2
2.426000000000000000e+03	85.3553	0.2
2.427000000000000000e+03	85.3553	0.2
2.428000000000000000e+03	85.3553	0.2
2.429000000000000000e+03	85.3553	0.2
2.430000000000000000e+03	85.3553	0.2
2.431000000000000000e+03	85.3553	0.2
2.432000000000000000e+03	85.3553	0.2
2.433000000000000000e+03	85.3553	0.2
2.434000000000000000e+03	85.3553	0.2
2.435000000000000000e+03	85.3553	0.2
2.436000000000000000e+03	85.3553	0.2
2.437000000000000000e+03	85.3553	0.2
2.438000000000000000e+03	85.3553	0.2
2.439000000000000000e+03	85.3553	0.2
2.440000000000000000e+03	85.3553	0.2
2.441000000000000000e+03	85.3553	0.2
2.442000000000000000e+03	85.3553	0.2
2.443000000000000000e+03	85.3553	0.2
2.444000000000000000e+03	85.3553	0.2
2.445000000000000000e+03	85.3553	0.2
2.446000000000000000e+03	85.3553	0.2
2.447000000000000000e+03	85.3553	0.2
2.448000000000000000e+03	85.3553	0.2
2.449000000000000000e+03	85.3553	0.2
2.450000000000000000e+03	85.3553	0.2
2.451000000000000000e+03	85.3553	0.2
2.452000000000000000e+03	85.3553	0.2
2.453000000000000000e+03	85.3553	0.2
2.454000000000000000e+03	85.3553	0.2
2.455000000000000000e+03	85.3553	0.2
2.456000000000000000e+03	85.3553	0.2
2.457000000000000000e+03	85.3553	0.2
2.458000000000000000e+03	85.3553	0.2
2.459000000000000000e+03	85.3553	0.2
2.460000000000000000e+03	85.3553	0.2
2.461000000000000000e+03	85.3553	0.2
2.462000000000000000e+03	85.3553	0.2
2.463000000000000000e+03	85.3553	0.2
2.464000000000000000e+03	85.3553	0.2
2.465000000000000000e+03	85.3553	0.2
2.466000000000000000e+03	85.3553	0.2
2.467000000000000000e+03	85.3553	0.2
2.468000000000000000e+03	85.3553	0.2
2.469000000000000000e+03	85.3553	0.2
2.470000000000000000e+03	85.3553	0.2
2.471000000000000000e+03	85.3553	0.2
2.472000000000000000e+03	85.3553	0.2
2.473000000000000000e+03	85.3553	0.2
2.474000000000000000e+03	85.3553	0.2
2.475000000000000000e+03	85.3553	0.2
2.476000000000000000e+03	85.3553	0.2
2.477000000000000000e+03	85.3553	0.2
2.478000000000000000e+03	85.3553	0.2
2.479000000000000000e+03	85.3553	0.2
2.480000000000000000e+03	85.3553	0.2
2.481000000000000000e+03	85.3553	0.2
2.482000000000000000e+03	85.3553	0.2
2.483000000000000000e+03	85.3553	0.2
2.484000000000000000e+03	85.3553	0.2
2.485000000000000000e+03	85.3553	0.2
2.486000000000000000e+03	85.3553	0.2
2.487000000000000000e+03	85.3553	0.2
2.488000000000000000e+03	85.3553	0.2
2.489000000000000000e+03	85.3553	0.2
2.490000000000000000e+03	85.3553	0.2
2.491000000000000000e+03	85.3553	0.2
2.492000000000000000e+03	85.3553	0.2
2.493000000000000000e+03	85.3553	0.2
2.494000000000000000e+03	85.3553	0.2
2.495000000000000000e+03	85.3553	0.2
2.496000000000000000e+03	85.3553	0.2
2.497000000000000000e+03	85.3553	0.2
2.498000000000000000e+03	85.3553	0.2
2.499000000000000000e+03	85.3553	0.2
2.500000000000000000e+03	85.3553	0.2
2.501000000000000000e+03	85.3553	0.2
2.502000000000000000e+03	85.3553	0.2
2.503000000000000000e+03	85.3553	0.2
2.504000000000000000e+03	85.3553	0.2
2.505000000000000000e+03	85.3553	0.2
2.506000000000000000e+03	85.3553	0.2
2.507000000000000000e+03	85.3553	0.2
2.508000000000000000e+03	85.3553	0.2
2.509000000000000000e+03	85.3553	0.2
2.510000000000000000e+03	85.3553	0.2
2.511000000000000000e+03	85.3553	0.2
2.512000000000000000e+03	85.3553	0.2
2.513000000000000000e+03	85.3553	0.2
2.514000000000000000e+03	85.3553	0.2
2.515000000000000000e+03	85.3553	0.2
2.516000000000000000e+03	85.3553	0.2
2.517000000000000000e+03	85.3553	0.2
2.518000000000000000e+03	85.3553	0.2
2.519000000000000000e+03	85.3553	0.2
2.520000000000000000e+03	85.3553	0.2
2.521000000000000000e+03	85.3553	0.2
2.522000000000000000e+03	85.3553	0.2
2.523000000000000000e+03	85.3553	0.2
2.524000000000000000e+03	85.3553	0.2
2.525000000000000000e+03	85.3553	0.2
2.526000000000000000e+03	85.3553	0.2
2.527000000000000000e+03	85.3553	0.2
2.528000000000000000e+03	85.3553	0.2
2.529000000000000000e+03	85.3553	0.2
2.530000000000000000e+03	85.3553	0.2
2.531000000000000000e+03	85.3553	0.2
2.532000000000000000e+03	85.3553	0.2
2.533000000000000000e+03	85.3553	0.2
2.534000000000000000e+03	85.3553	0.2
2.535000000000000000e+03	85.3553	0.2
2.536000000000000000e+03	85.3553	0.2
2.537000000000000000e+03	85.3553	0.2
2.538000000000000000e+03	85.3553	0.2
2.539000000000000000e+03	85.3553	0.2
2.540000000000000000e+03	85.3553	0.2
2.541000000000000000e+03	85.3553	0.2
2.542000000000000000e+03	85.3553	0.2
2.543000000000000000e+03	85.3553	0.2
2.544000000000000000e+03	85.3553	0.2
2.545000000000000000e+03	85.3553	0.2
2.546000000000000000e+03	85.3553	0.2
2.547000000000000000e+03	85.3553	0.2
2.548000000000000000e+03	85.3553	0.2
2.549000000000000000e+03	85.3553	0.2
2.550000000000000000e+03	85.3553	0.2
2.551000000000000000e+03	85.3553	0.2
2.552000000000000000e+03	85.3553	0.2
2.553000000000000000e+03	85.3553	0.2
2.554000000000000000e+03	85.3553	0.2
2.555000000000000000e+03	85.3553	0.2
2.556000000000000000e+03	85.3553	0.2
2.557000000000000000e+03	85.3553	0.2
2.558000000000000000e+03	85.3553	0.2
2.559000000000000000e+03	85.3553	0.2
2.560000000000000000e+03	85.3553	0.2
2.561000000000000000e+03	85.3553	0.2
2.562000000000000000e+03	85.3553	0.2
2.563000000000000000e+03	85.3553	0.2
2.564000000000000000e+03	85.3553	0.2
